xmlns:cpt=http://iri.columbia.edu/CPT/v10/
cpt:ncats=3
cpt:field=prcp, cpt:C=1, cpt:clim_prob=0.33333333333300003, cpt:T=2019-11/2020-01, cpt:nrow=32, cpt:ncol=28, cpt:row=Y, cpt:col=X, cpt:units=probability (%), cpt:missing=-1.0000000000000000              
	87.125000000000000	87.375000000000000	87.625000000000000	87.875000000000000	88.125000000000000	88.375000000000000	88.625000000000000	88.875000000000000	89.125000000000000	89.375000000000000	89.625000000000000	89.875000000000000	90.125000000000000	90.375000000000000	90.625000000000000	90.875000000000000	91.125000000000000	91.375000000000000	91.625000000000000	91.875000000000000	92.125000000000000	92.375000000000000	92.625000000000000	92.875000000000000	93.125000000000000	93.375000000000000	93.625000000000000	93.875000000000000
27.875000000000000	40.621863972710926	52.929429473610597	47.637914901381336	47.886803659596431	45.690400400547659	44.903209799030428	48.758617534633999	33.886020625197943	22.337964695517087	21.143619795801442	24.858294232927136	23.430579900562094	18.161243020543665	30.886631171714441	48.398897275087435	40.496128031042808	32.712746946551704	41.612771692201889	30.636442775740306	26.601821664861291	28.970863899279607	24.544592259176582	18.501123021605807	37.783853753786111	42.203674038297635	27.285841719371064	17.756242856125937	28.947772240733912
27.625000000000000	46.492875994302054	42.937252036275829	53.570893896381214	54.052912862462250	43.974827160130062	55.554396571432981	58.445919680826606	34.390299874850598	23.570507970749716	24.349103811627899	36.225098366863953	36.115030736109553	28.787904096408482	33.167413704920293	44.704923543292054	53.187093822047096	41.129175466858172	42.012710975512555	55.514356230281805	46.355216013866041	37.042699668690048	38.233242021112332	37.910387121161961	36.730043964697082	15.650372092357230	17.826087852628376	19.863414429567484	29.705061001431801
27.375000000000000	50.605512460967518	48.044320080120869	50.157642229221786	46.682516290789962	48.320162800579183	56.178633486880095	59.048715115777178	57.021591303731903	46.425740303044385	31.132822429950124	29.480628930749560	47.678298864659887	44.714716434387526	45.626017873832723	53.425200293383405	65.014443491022377	51.111189415401640	52.389091006074430	58.446474178815407	35.469983847186356	45.455971563628104	49.514259159826103	49.625015712462591	43.913224337539646	18.013243354240501	15.707972906141364	21.384909901813970	27.906922698349334
27.125000000000000	46.300397778526701	49.009938155198597	41.150550624058837	39.932899408681003	52.778006108880149	54.780548517035577	56.049070181157632	54.484097374998477	46.411076089860259	35.007991169561706	39.613135562932314	43.673628811678824	53.015429078660773	35.647348653951383	57.080944999122721	59.309943669490941	67.924454698412916	68.737586102655754	53.208197118408073	46.322068379408229	45.512791379824982	62.461541699011860	60.924790821496813	33.913289608682845	33.838955783508624	30.896026372887192	26.695980541587645	24.195737245886050
26.875000000000000	41.436712755190030	48.369292177821087	53.540852531114020	60.030201042696731	54.780333642950133	55.718438185080075	37.039424611203152	50.855458406989520	44.600232351342250	46.486136136855791	31.738559288031510	38.818089021719146	42.628574440388590	52.244541674122019	48.160714793496695	70.183130099517157	67.674253668015382	71.524313883773800	71.022919912457979	60.891554414157966	60.445692277696686	54.862454545033827	55.341699032952910	55.547563887220285	44.095853397238592	39.795142405367223	42.721441217922042	35.491964943833949
26.625000000000000	37.386500279003585	54.816115002913016	41.511211534620230	44.070589364148461	40.131340864645317	33.331563289183677	45.141885674101047	43.194078714106055	72.034369894279465	67.310043891601339	45.616695148879828	47.519430199879586	56.786318523140864	68.392460242759213	56.781779009829584	64.967506465162842	65.516722378819168	61.639760617659725	60.511109046836459	59.845785879641603	58.340603981021381	60.005478097654276	48.366792469174570	63.250896123264702	45.410572153188824	37.298889719763920	37.998409864498406	46.670708258580419
26.375000000000000	46.445554413299050	46.195537675523525	49.012660357985681	44.561911450216151	41.209403664801435	46.932886506662086	52.511397779602589	54.788222236675956	63.488090176935195	57.036331966431916	44.793365349613069	54.163809483120581	65.144071690622525	73.841832504777742	71.073640732671208	71.701928410427584	70.593698825860116	65.942011608868270	57.630199067894644	67.597842841618970	61.391629790234767	69.461143289119036	62.169402819123142	63.279583400977558	58.811885333008931	45.414227105204986	40.739916569953529	46.262203750922779
26.125000000000000	46.155950977911985	54.254618622563221	61.236239895701033	65.804306907799813	59.464091503492909	64.239831467110733	60.880830886801292	64.102409864199643	60.530000843772044	63.419091624639364	55.864138482665957	68.041766850267152	67.736734655435015	74.166406439637385	77.632872221142947	74.009708472121318	73.495743797176189	76.133107424341745	73.429267836460667	67.381118169810492	53.229387228901679	69.161053976836882	61.531561868028604	54.706885946969010	58.275400388536752	40.981385324123188	58.536826281430571	63.762596407570918
25.875000000000000	67.381382241433968	66.110090647925887	59.190202543804098	58.506365144738908	60.956880669423221	56.569653322179931	59.089485578352338	64.386096493847674	54.456633669849253	62.167624069112712	79.388247445268178	80.592445459036014	83.886566859111738	88.809451626213161	81.119333184883274	85.649866502842514	85.514476459951354	77.328774140671996	76.155366375671122	72.339360219034333	69.438892416231212	65.967078284679133	63.569278206602888	64.232945113291890	67.039709576203961	73.366274087043706	68.475275600002234	72.203272910622943
25.625000000000000	46.336049129188851	46.305237606470563	47.947413400439423	55.291101288084086	52.023114359878960	50.766076212649693	47.207440350405562	55.130062315663181	58.687832797225454	74.605781733381249	80.685430018391784	79.764071505994309	84.243616166576686	84.336198468117516	74.103991441659701	78.629979146456776	77.137705859208495	81.073325568130656	80.956838728704113	85.036056388130362	79.333953682501175	77.714196030156216	72.980971585293716	68.690328861429151	77.743482015768478	75.249037235382289	73.451421093047372	71.330421711575724
25.375000000000000	24.321359202344567	32.400579361690276	44.074770190222814	43.647507847807596	50.495448996843692	52.845754908771909	52.780888168137125	59.440102293245928	70.815595365106830	75.829424092759751	79.940534090624070	83.205445466104393	83.326314306799304	82.450564459187703	77.787871881177495	79.856441011314303	89.578514183600646	83.315192690968615	86.553671700186626	87.774351442530232	84.999056000293834	86.816747535823552	85.767380407072281	85.336903079118173	74.687942423462061	74.229279923333095	78.332077530331688	78.510620996829743
25.125000000000000	26.966302853315909	31.136773467724126	29.668951469936530	38.951569284737865	42.707645952048665	44.706685098093082	52.094217109356329	58.615780418839222	76.597231398626775	85.590791580135445	85.924655052038602	85.125651666406256	84.084076101428906	87.703669327834831	89.021943474528825	89.856574813207715	88.564980531137579	81.745226078643356	88.123450450521318	91.919737336353990	85.816545870549149	87.454970759057773	84.185220646665854	81.014329581040457	81.620127088722725	84.434700961697160	84.242142074077108	85.980513230381121
24.875000000000000	40.229911449826176	31.998539724866077	31.031538308901190	37.439534347153327	47.292657489350084	50.169919318046460	63.119136248028227	64.929054894667843	81.521665277042331	85.138115473841793	85.588522126593205	85.654948136658234	86.133924088062514	89.627996966917379	91.577106754599640	92.303471168753447	89.329150515437860	88.027134747809399	90.720851818533575	90.484595636594946	88.420750149919300	88.007839620627493	88.529560871621072	91.276434044238869	90.324561824274198	93.040662106127385	90.194450185728115	87.630794064508109
24.625000000000000	43.641376035860915	33.181933882964302	40.169621149340287	53.891711930582190	54.427083857900392	65.030960711412462	67.659494898047271	70.382095603464009	79.687540049747099	91.148079459365476	88.923148506057458	92.534991367757314	91.851639581779466	90.015448607634738	92.861400818217973	94.931048679363855	95.608755236001528	93.911249036271158	92.658659900734747	90.580966330556890	92.724477056041422	93.036342581004106	94.002553503484151	93.986265727478610	93.229262071795546	93.473652422626827	93.317860402020116	93.519610579776113
24.375000000000000	47.262296627866249	56.433321831413949	54.999147162966260	57.659972571626724	71.585797864434682	79.755362089938629	79.239478330604271	84.228038312202699	88.648024075885672	89.691028999877631	92.467656844670969	93.474374656161018	93.501983541226380	92.892447025412423	94.278197058327720	94.172819994875013	93.104357723987434	96.133560494120843	94.019609027539659	92.301908180359121	94.940416766960709	95.444984963189398	96.247234561140175	95.604037769421424	92.693230255148947	95.443562775531035	95.609246799956097	96.102524710183886
24.125000000000000	49.181666227239198	56.789224143384729	51.468579280405159	68.218061326362744	80.752646011995878	80.025413260269289	80.080285929483068	78.074453498162768	85.793608552016394	89.815678640545087	92.652155532209363	93.905884862716277	93.724508501911941	93.169745813847101	95.629166616558564	96.533384725045295	96.722210663730465	95.301420099309439	93.402766099869439	95.156487273084693	96.179478306788056	97.420980511681591	96.566039662577793	96.649074624927593	96.544340672641880	95.794690706534467	95.093759596750658	95.774333627167351
23.875000000000000	50.501620547878552	58.553162103245796	58.964829790849478	70.299957293849545	81.118665449796794	78.481719152136037	78.873043207275060	83.593707017092981	86.685194379808920	84.294099914086104	90.320257370088399	93.269241809192209	95.552607212882052	95.578848333904745	97.130571632332774	97.340397026292237	96.193674783464800	95.727363358168645	92.761273040498750	93.331220624528981	95.166463541335489	96.094723449224745	96.066559607954005	97.509459769796564	97.047567376729248	96.670278909934467	97.484697182844798	96.754730843592668
23.625000000000000	55.719261388688160	58.295134892533994	67.854281200573908	79.608213247662349	81.902608389097452	81.750510037318449	83.829241284099439	88.389279487367034	89.969420194131487	88.058425217646587	91.969581300539602	95.748383014884197	96.167610268173206	96.570925333388800	96.437625742987578	96.686803808495810	94.619223556804428	94.512583029774646	94.579127487506412	96.710339945990299	96.145047428768748	96.087921294469226	97.156951186181857	97.659516118227003	98.022217403326280	97.742711850479040	98.103218278271640	97.468750084064339
23.375000000000000	67.587011544397257	60.134330896298117	78.713595073794323	85.683772978436451	85.673471188944646	90.615642521775285	91.514615824538467	91.732174515719691	92.533447506388669	95.401996080277129	94.639596682914288	94.698790603107469	94.857926863649723	96.115163782522600	95.882086395755863	94.727662218420846	95.445927405963374	96.329567998962318	96.713134115226552	97.729504851524950	97.457292536065410	97.702191002449837	97.242688479178483	97.791195166645679	98.218868698160676	97.780353542391936	97.877271341310419	97.503266205314091
23.125000000000000	77.149910905320468	77.528772905524590	89.456771917359163	92.907205727980923	91.026950660533060	92.129756069167343	94.236247833939686	95.032475867613201	95.437811371591465	96.792499923089451	93.558834903904739	93.148953902864292	94.480620411963685	95.136325219411390	95.869157228818850	95.334868307525383	96.001786366850695	96.222071089527105	97.598156944443147	98.169982220916395	97.262047207179009	97.657795918749358	97.627662697604862	98.439249139903154	98.248017904347407	97.821053615087166	97.645845126394903	97.151092787699326
22.875000000000000	83.510853627853322	87.532251238335732	90.932165052577787	93.526791349151509	94.358278160592619	93.690448447084833	94.969813197724832	96.569789088647184	96.098822504076850	93.967874150453980	94.042679469346751	94.470888643751081	95.413319320221618	96.022208912699313	95.986776257556656	96.228009275502629	96.986230882045277	97.665348502555247	98.131050274918792	96.506200014466003	97.241182864047985	97.718512198627465	98.260440130792418	98.560250511692644	97.805142726250878	98.012111442756463	96.778997052071972	95.476610264381563
22.625000000000000	87.033696692203364	89.522449698147668	93.094133735574601	95.249145806722453	94.718462419624515	93.576730975257618	95.845871216975667	95.696674651020061	94.715855736249480	94.791721696122593	94.609939318291566	96.024358522125937	96.887066216042030	94.280719970123414	96.505984315062179	96.376919240726536	96.794120977765047	96.762478296435575	97.976842124170759	97.036537496844801	97.547691526770464	98.283176328647912	98.155165224127245	98.484087905777074	98.287500837577142	97.776934748402795	97.136145928464074	97.740839298686737
22.375000000000000	86.589593079198792	87.130814912654614	94.653425386948399	95.293603167049696	94.302693328594046	95.932189869301126	95.441416084930168	95.684069638993265	95.613950404778805	95.613479989211214	95.685585656335405	95.990450628061595	97.122021767100449	94.047388971423430	95.557185123605720	96.523384489018781	97.808341339217137	97.972387450645670	98.277216067086655	98.251039429138260	98.128066078179955	98.158618263572365	98.168951191185272	98.608690527832437	98.501876741802818	97.851098775263608	97.667462527469610	98.258147780818675
22.125000000000000	91.085049244113506	95.080319185729792	95.777144344980542	95.402311632044231	95.358627716778784	96.523846749235545	95.797261366770982	95.760828049202601	95.460865076182273	95.900822450560170	97.285076929985550	97.774431073009907	97.278895628053036	96.585913682089341	95.630923337495034	96.655269984327973	97.302660852983252	-1.0000000000000000	-1.0000000000000000	97.926491356325002	97.962375324170750	98.198612727602224	97.719599205933633	98.110209254037656	98.172367463399127	98.055095172442307	98.267419473911971	98.004967379651902
21.875000000000000	93.250875885304822	94.834261168220451	96.245173934806530	96.824798018686337	95.315236887087863	96.450460983677019	95.284813318996157	95.474904164712711	95.138862038294221	96.548991574676691	96.818312185629992	95.164146681835064	96.028432626161234	96.798369209761574	97.240912966779277	-1.0000000000000000	-1.0000000000000000	-1.0000000000000000	-1.0000000000000000	98.122952681222671	98.037043528661158	97.836473749698271	97.583629284059171	98.310518533293219	97.857367127507487	98.435950704714074	97.499524507703072	97.875040925713122
21.625000000000000	94.077876415921082	96.411021745911654	96.338278128491311	-1.0000000000000000	95.484207326625906	94.634614549984363	94.771470034158668	96.080625763899889	95.863286906562891	-1.0000000000000000	-1.0000000000000000	-1.0000000000000000	-1.0000000000000000	-1.0000000000000000	-1.0000000000000000	-1.0000000000000000	-1.0000000000000000	-1.0000000000000000	-1.0000000000000000	98.136399105244820	98.126585003759914	98.040483496841347	98.176910069112026	98.121365826029859	98.446104836283112	98.466380780249210	97.563095788115746	98.037346527461850
21.375000000000000	-1.0000000000000000	-1.0000000000000000	-1.0000000000000000	-1.0000000000000000	-1.0000000000000000	-1.0000000000000000	-1.0000000000000000	-1.0000000000000000	-1.0000000000000000	-1.0000000000000000	-1.0000000000000000	-1.0000000000000000	-1.0000000000000000	-1.0000000000000000	-1.0000000000000000	-1.0000000000000000	-1.0000000000000000	-1.0000000000000000	-1.0000000000000000	-1.0000000000000000	98.376184850872903	98.446931872753879	98.635521622770952	98.903106180149166	98.893667505132527	98.314725343121978	98.577764580252563	98.014330622987416
21.125000000000000	-1.0000000000000000	-1.0000000000000000	-1.0000000000000000	-1.0000000000000000	-1.0000000000000000	-1.0000000000000000	-1.0000000000000000	-1.0000000000000000	-1.0000000000000000	-1.0000000000000000	-1.0000000000000000	-1.0000000000000000	-1.0000000000000000	-1.0000000000000000	-1.0000000000000000	-1.0000000000000000	-1.0000000000000000	-1.0000000000000000	-1.0000000000000000	-1.0000000000000000	98.705717213463572	97.796648915524713	98.789128326175913	98.946970597143547	98.586795879000192	98.569625182315335	98.830941285344664	98.441313315571975
20.875000000000000	-1.0000000000000000	-1.0000000000000000	-1.0000000000000000	-1.0000000000000000	-1.0000000000000000	-1.0000000000000000	-1.0000000000000000	-1.0000000000000000	-1.0000000000000000	-1.0000000000000000	-1.0000000000000000	-1.0000000000000000	-1.0000000000000000	-1.0000000000000000	-1.0000000000000000	-1.0000000000000000	-1.0000000000000000	-1.0000000000000000	-1.0000000000000000	-1.0000000000000000	-1.0000000000000000	98.384208041964513	98.285375435476112	98.757198824094544	98.310766398719821	98.217720269731288	98.069186809201099	97.212867274675759
20.625000000000000	-1.0000000000000000	-1.0000000000000000	-1.0000000000000000	-1.0000000000000000	-1.0000000000000000	-1.0000000000000000	-1.0000000000000000	-1.0000000000000000	-1.0000000000000000	-1.0000000000000000	-1.0000000000000000	-1.0000000000000000	-1.0000000000000000	-1.0000000000000000	-1.0000000000000000	-1.0000000000000000	-1.0000000000000000	-1.0000000000000000	-1.0000000000000000	-1.0000000000000000	-1.0000000000000000	97.576365465085686	97.913509657464232	98.164715212506962	97.509960035288202	96.006595138855047	93.879062132744082	95.334567814245162
20.375000000000000	-1.0000000000000000	-1.0000000000000000	-1.0000000000000000	-1.0000000000000000	-1.0000000000000000	-1.0000000000000000	-1.0000000000000000	-1.0000000000000000	-1.0000000000000000	-1.0000000000000000	-1.0000000000000000	-1.0000000000000000	-1.0000000000000000	-1.0000000000000000	-1.0000000000000000	-1.0000000000000000	-1.0000000000000000	-1.0000000000000000	-1.0000000000000000	-1.0000000000000000	-1.0000000000000000	-1.0000000000000000	97.229838056167807	97.802988051864077	97.042057031461837	96.087157502218190	95.235536918500046	95.850901157049591
20.125000000000000	-1.0000000000000000	-1.0000000000000000	-1.0000000000000000	-1.0000000000000000	-1.0000000000000000	-1.0000000000000000	-1.0000000000000000	-1.0000000000000000	-1.0000000000000000	-1.0000000000000000	-1.0000000000000000	-1.0000000000000000	-1.0000000000000000	-1.0000000000000000	-1.0000000000000000	-1.0000000000000000	-1.0000000000000000	-1.0000000000000000	-1.0000000000000000	-1.0000000000000000	-1.0000000000000000	-1.0000000000000000	-1.0000000000000000	96.859933969510962	97.037403428066540	96.100553152889930	95.867236746264624	96.330560703428191
cpt:C=2, cpt:clim_prob=0.33333333333400000
	87.125000000000000	87.375000000000000	87.625000000000000	87.875000000000000	88.125000000000000	88.375000000000000	88.625000000000000	88.875000000000000	89.125000000000000	89.375000000000000	89.625000000000000	89.875000000000000	90.125000000000000	90.375000000000000	90.625000000000000	90.875000000000000	91.125000000000000	91.375000000000000	91.625000000000000	91.875000000000000	92.125000000000000	92.375000000000000	92.625000000000000	92.875000000000000	93.125000000000000	93.375000000000000	93.625000000000000	93.875000000000000
27.875000000000000	1.2301085885358702	1.3391371087143256	1.3554648343846480	1.3277069967346904	1.3095373065771270	1.2327016409425795	1.2672985593014161	1.2320946776107178	1.0105225146302246	0.99734213433268337	1.0631400686044827	1.0631340734757515	0.89454580191785737	1.2506957607870248	1.5369797320956380	1.3669646577582100	1.3520182214341929	1.3788024213768537	1.2691979333101386	1.2035399636464774	1.3180379827420410	1.2332223745815156	1.0847477405756223	1.3944664963158857	1.4355208297357720	1.1896373605164428	0.93382629657594407	1.2566270732907157
27.625000000000000	1.3591212810349234	1.3591631994596156	1.3475728325747411	1.3096779325640426	1.2664384636651960	1.2585381861955085	1.2703712606223050	1.2464228047487609	1.0328129132662269	1.0343781838840442	1.2621790673056879	1.3081116750203208	1.2766627470688547	1.4426845327833036	1.6016216227721713	1.4458182438115088	1.4879628627510897	1.5403486642211703	1.4824199066181620	1.5639078650462110	1.3793339837296514	1.4908948588846300	1.4090209462149872	1.3929481899986840	0.85790271711556443	0.94502027790926491	1.0296292568661869	1.3123361139623739
27.375000000000000	1.3703300130249687	1.4037835398385710	1.3782181301099712	1.3639249546006980	1.3412954114834008	1.3568763398985269	1.3122188212773622	1.3508599308917155	1.4044500720029376	1.2153014301423752	1.1527934758838114	1.4174294399964396	1.4553817567949068	1.3662142720703230	1.3948281939677685	1.3105745901761807	1.4527817529820624	1.5110646845825926	1.5408966666944011	1.3638807279535712	1.5428122478812867	1.4734401853210812	1.4754528378102734	1.4849937726781377	0.95023792457584477	0.85729676566121782	1.0685034370204534	1.2775363492134204
27.125000000000000	1.4065888520537513	1.3768059057051047	1.3426248392840208	1.3109768836054414	1.3353293884009290	1.3407162752770390	1.3191920692972090	1.2815321848162995	1.3019714817236405	1.1957140213715718	1.2857040325133013	1.2998213201519135	1.3500816287184705	1.2625835818733648	1.3607952441882389	1.3078316837544008	1.1921318231159788	1.1691735013506914	1.3382804476495451	1.3456429360207665	1.3535089285875870	1.3287213601749670	1.3421260746947468	1.3387026258128571	1.3169799238126103	1.2804861594920425	1.2286303823057523	1.1428629437485966
26.875000000000000	1.4442768203232887	1.3826620665116067	1.3192526178951596	1.2691535261265798	1.3474155143706810	1.3614041028920667	1.2957137618279972	1.3233756318474335	1.2958879783508266	1.3050931587559376	1.1756918383317867	1.2977915519043748	1.3560546720055342	1.3771114403227784	1.3148220423679362	1.1271609743272677	1.1855661866251772	1.1504289548198088	1.1567500404050577	1.3568729751478088	1.3481095162914301	1.3906005609891920	1.3484707514814502	1.4183822485253685	1.4226204364704245	1.4139203414239461	1.4332204961832176	1.3542367111315698
26.625000000000000	1.3461534795453645	1.2751776742626006	1.3399013694815309	1.3588625660986864	1.3537586944989073	1.3504030574282382	1.3510146171662214	1.3391715977727827	1.0398958337488047	1.1341933477130652	1.2698573769970736	1.3272269479177794	1.3074899308721442	1.1458631334893745	1.2749931776860564	1.2015659112688866	1.2086671959285411	1.2415457471523510	1.2870916823634957	1.3052257078611333	1.3286344866188173	1.3381593022829037	1.4388108949931109	1.3159594444599634	1.4291956174223515	1.3553536439450724	1.3842228162947450	1.4983443221485260
26.375000000000000	1.3688335494208559	1.3440964538111828	1.3867913719163454	1.4395376947105802	1.4243231969817600	1.4320987876130431	1.4561933368014763	1.3636984911071011	1.2367472867040803	1.3796026841703721	1.3259358953617806	1.2886234874950731	1.1856492466754247	1.0659679450582651	1.1088391900674104	1.0991121857368498	1.1409278958725260	1.1966568490525518	1.2932053414197000	1.2379257936962951	1.4093104158461003	1.2561864077758891	1.3384442485585382	1.3006402126223691	1.3666344347402060	1.3943290984767742	1.4235121319631219	1.4850377107885180
26.125000000000000	1.4005466768282844	1.3810101177223046	1.2974460495890554	1.2243651368485047	1.3514377883098376	1.2712455959184368	1.3147310637914060	1.2264481817161936	1.2376250088441623	1.1899771245791015	1.2732211687116290	1.1440915299048271	1.1845284505681342	1.0537482029977028	0.96323225940844992	1.0598409277979606	1.0848910535963974	0.99373050544769370	1.0606968202656155	1.2533066693757213	1.4052241427886045	1.2568079783656039	1.3471070191954126	1.3672246884348951	1.2860049350586849	1.3509763895850568	1.3426001856009080	1.3161968283573913
25.875000000000000	1.2468645839693195	1.4191078561232899	1.4378272722237853	1.4114599915776722	1.2860047572738296	1.3207095249584881	1.3096001208126538	1.1997697473602784	1.3887895428415433	1.3499372500974332	0.93803416997239708	0.93974668495693692	0.79939211316590431	0.57976434866372983	0.87932474719699272	0.73882568842527441	0.74453827497529979	0.97995402910535745	1.0240892131946211	1.1249291818574321	1.2023941021977400	1.2680925473420928	1.3155885027185903	1.2531811092225240	1.2015414570236835	1.0816277918591020	1.2221230204965181	1.1348133864397916
25.625000000000000	1.4049028014906781	1.4813019764923681	1.4496721420376133	1.4514722688254054	1.3435088009680243	1.3992965830764135	1.4072617548202757	1.3926360983667081	1.3636853555859503	1.0845751458979542	0.89580797769927401	0.93061292674410367	0.77343105035114057	0.73589018258228123	1.0649774981276607	0.94335106510513000	0.95795946887319516	0.87759815298372246	0.88577112941604597	0.72261549906753686	0.97203868848692565	0.98145465428343215	1.0873814687809293	1.2056486138054900	0.97005891039672676	1.0688409048223839	1.0969474854050141	1.1221594880399337
25.375000000000000	1.1091055255486708	1.3328823475845013	1.4687099983427601	1.4230936423440781	1.3800483793952054	1.3650991155821401	1.3789381442156952	1.3365847877887305	1.1493861482834156	0.99346356702623950	0.90945442346962579	0.82602477789476758	0.80492836452869376	0.84538393206225138	0.95239047555531542	0.87407272453597074	0.56787319996067254	0.86304507830180910	0.73152409093880877	0.67077012817396842	0.76038562570099621	0.69171791880537370	0.75309525813995570	0.74739656478158878	1.0718613578516027	1.0940604374829164	0.95922686270132118	0.97560017178136249
25.125000000000000	1.2110688145346842	1.3152860194252014	1.3147680781183624	1.4257568138103380	1.4158364377421933	1.4186990249790696	1.3879607872727178	1.3082451095521037	0.94470219462197491	0.69729921060151234	0.69945363435256347	0.73119627777511198	0.77242918117341475	0.63343676108470071	0.57164364584526872	0.52375628897659610	0.60134975584455574	0.87144582805741067	0.65983955423173235	0.49010794843518291	0.72420109746812322	0.65698827098710133	0.76322920249820392	0.87754355070176615	0.86409565231515018	0.79988442404493654	0.82045445515033144	0.77267898603799701
24.875000000000000	1.5303683480228116	1.3481789213626740	1.3423536585910654	1.3927723016947908	1.4231068246551573	1.4351804476802883	1.2916775471662660	1.2642057951348846	0.86229240597441148	0.75146697554469810	0.69897750037968542	0.72278111587565341	0.70075223255239827	0.53752285414195988	0.43820271112931941	0.43872695824373142	0.60402131256921621	0.63680543763903152	0.53352354554839110	0.52791560396877735	0.61546173925781744	0.59568056503316136	0.62689158508759846	0.50427485715056442	0.54225287702612412	0.43188282616859919	0.58661793472167822	0.70775109843706119
24.625000000000000	1.5569314159113077	1.3757172648449227	1.4204425715681666	1.4976132366616710	1.4000719973155569	1.2846119656774349	1.2047664901119717	1.1502178075414697	0.91684707192613857	0.48999191914483298	0.60461910007703423	0.44828525921040452	0.45031512219267444	0.53385935114806848	0.39920649749240056	0.31502603416611130	0.29448014131655853	0.38421111938476571	0.44673500161132473	0.55441898834060233	0.42202358382333305	0.42601608642435806	0.38211092278236425	0.38064080511083809	0.42881592997583784	0.42857778314481010	0.42339175741791735	0.43114497107039540
24.375000000000000	1.5005144913926145	1.4232291265738937	1.4735630261959756	1.4620222004352144	1.1677459926184177	0.95394309027767576	0.96184770515133167	0.80508400359422971	0.63189782447380161	0.60128952425359472	0.45419357507143765	0.39325615090982069	0.39885358228368695	0.41263163667950398	0.34883633966071059	0.36250210601394972	0.40987637929587617	0.25298306631788803	0.37928930489228740	0.47687627865727755	0.33431011308318759	0.29725117692449476	0.24936446574892912	0.29729906610216794	0.45082490184217683	0.31380790158114902	0.28368038121998307	0.24925152738940426
24.125000000000000	1.3639534852968396	1.3479613785914992	1.3835444027010695	1.2384817674259914	0.90348323305739342	0.91088976796014265	0.93146920987060255	0.96925776330247615	0.75400300977320711	0.58083540748078732	0.42845314777564791	0.37114230287633898	0.37854260605932044	0.40804673918043832	0.28094029932423403	0.23109851458621922	0.21621844891123176	0.30340199043422267	0.40119098565451949	0.30067693808854035	0.24918618975012441	0.18201315285234632	0.22974144580533107	0.22918641726690092	0.22529323254041644	0.26159116472657429	0.30081493391811431	0.26774841183059284
23.875000000000000	1.4616746223889265	1.3308977803730784	1.3042684160361233	1.1437592605619322	0.85444641490405715	0.96351256942227792	0.94483929226758079	0.80226301089752816	0.71012104924347774	0.78470206865615744	0.53430377274506391	0.40359536492351911	0.28216883601173581	0.28640028896793268	0.19678828701876272	0.18068672903636118	0.24756652808190305	0.27629891645727955	0.42827426303957949	0.39976952777069386	0.31044543143413872	0.25437940853729968	0.26334911832260399	0.17497391144989871	0.19987906853085624	0.21363071014662172	0.16203498105544956	0.20791751899416289
23.625000000000000	1.4152335462537238	1.3192677202560930	1.1988680196063086	0.91079589812670392	0.86258077458366955	0.86919346688875265	0.77309223319010556	0.62739153439047968	0.55645548842239911	0.63341354670483518	0.45736123622569380	0.27725322660732532	0.25213782173787358	0.22579524639267579	0.24356474025930686	0.22082382789543953	0.32683999132371788	0.33563613207765552	0.33905841273558313	0.21730249003422797	0.25858732779119054	0.26508337267009408	0.20427667330550436	0.16428875638279283	0.13854140897369027	0.14975928127984206	0.13065664520298248	0.16822494873100124
23.375000000000000	1.1888918142376212	1.3398221756770710	0.95984347332445452	0.71406270918677173	0.72049387229292172	0.50935437256669225	0.48279726423290903	0.46549538310581084	0.42031191259768175	0.29052933935909397	0.32755977637080846	0.33300570810611507	0.32400838853372349	0.25296629580540131	0.27643249386621971	0.33705022245100569	0.29747355444668688	0.24540588025509757	0.22564843887705965	0.16124600250092325	0.18609697790840940	0.17145054053990894	0.19550737617295688	0.16027171934909035	0.12764803278358783	0.14565650465009794	0.13912132347169615	0.16366916492831729
23.125000000000000	1.0294304343653451	1.0356323484567866	0.58445765942499328	0.41609589926364254	0.51436461387319987	0.44876962832681944	0.33751820061907623	0.31421206707908311	0.29712676727999110	0.21593421775698873	0.39798267862441072	0.42098934365703133	0.35160325128070458	0.31451740954367935	0.27032402602762096	0.30283528092504941	0.26722388481399761	0.25289670781579066	0.16998038609087507	0.13373182139911788	0.19460756989737904	0.16535447200997844	0.16307956243278188	0.11072148677273752	0.12598866814078025	0.14825189759979329	0.15153866786368297	0.17402353014021577
22.875000000000000	0.80209793322948642	0.64974970030567114	0.52513141434230093	0.38637873232077347	0.34448651937823804	0.38387722517783551	0.32998838336663017	0.23476860245884756	0.25030965816759254	0.36024984594514642	0.38583405622033862	0.34929777189242817	0.30118209032464804	0.26153012468498416	0.26167726316994955	0.25481368870340981	0.20913633398764286	0.16277661440807334	0.13435705944602994	0.23664340217994306	0.18862260493628868	0.15863541548410920	0.12224576670672205	0.10291702563888072	0.14875568711244824	0.13164966981060422	0.19610999223768033	0.26457316964428479
22.625000000000000	0.67693352465907175	0.56607366214318233	0.42638438591434014	0.29800735108725362	0.32844740226937308	0.40200459734975347	0.28240993217502552	0.28186895259817302	0.33798928743498724	0.33038812396510409	0.34688367212231519	0.26394711122272163	0.21367262928651032	0.35772982408825893	0.23464371238698245	0.24387640364199203	0.21927641639215878	0.21841582256300551	0.14260157344230850	0.19946084820337173	0.16692647958214346	0.12409694102891633	0.12930093577832413	0.10655812108835772	0.11242347632534488	0.13969035207305991	0.17300097576739493	0.14280817782707755
22.375000000000000	0.69890714730417614	0.73589497459402686	0.34200766457712195	0.30109356037252510	0.36523087110562180	0.27162603694878751	0.29035637843612072	0.26916852257451129	0.28270018649566975	0.28020879241087915	0.27138991567540138	0.25826154983975558	0.19109544543512813	0.36777164450628952	0.28495857976671068	0.22518909498257234	0.15283126614151588	0.14350697910950849	0.12321815272870373	0.12283582055557307	0.13186796739767104	0.13067329746581180	0.12848861373587184	9.7291255542178545E-002	0.10264946661601071	0.13790743044180198	0.14518957951208566	0.11434770500933533
22.125000000000000	0.49334892007157549	0.30913388731475600	0.27003111036998106	0.29137931111422688	0.30284260739237467	0.22368798592181660	0.26597158308074542	0.26489270522527120	0.28403314397823465	0.26801948339884740	0.18404892867373857	0.15198884331522278	0.17634666793443099	0.22576518323549966	0.27694938762259191	0.22723529685544586	0.18818812969569576	-1.0000000000000000	-1.0000000000000000	0.14404660080114429	0.14426792434201730	0.12871056660646518	0.15833477227651249	0.12939371908854325	0.12090738193893880	0.12929570024445547	0.11792057935726841	0.13170591142790156
21.875000000000000	0.40239821483376126	0.32530892987984039	0.23988393183105616	0.20723405822236218	0.28812864608537758	0.22800603320785617	0.28583974151359026	0.28057447965475024	0.30195090320701024	0.23209305787880030	0.21166320247777115	0.31268349040529486	0.26109314627584013	0.21137928903423253	0.18791462331008413	-1.0000000000000000	-1.0000000000000000	-1.0000000000000000	-1.0000000000000000	0.13269740608516378	0.13610968684671576	0.15107102338016842	0.16382871816207567	0.11630432469139818	0.14249996129499998	0.10705488321854539	0.15930233007208550	0.13709533037202326
21.625000000000000	0.36243834755443505	0.24282156591830173	0.23731506374887434	-1.0000000000000000	0.27624200417521028	0.31680540745210006	0.30685507870325601	0.24523080869833125	0.26895473647141088	-1.0000000000000000	-1.0000000000000000	-1.0000000000000000	-1.0000000000000000	-1.0000000000000000	-1.0000000000000000	-1.0000000000000000	-1.0000000000000000	-1.0000000000000000	-1.0000000000000000	0.13202570145522841	0.13093558561437568	0.13558272320357623	0.12750502294956578	0.13135059144414907	0.10755378712860830	0.10418678979337925	0.15854260466321302	0.12782252164493135
21.375000000000000	-1.0000000000000000	-1.0000000000000000	-1.0000000000000000	-1.0000000000000000	-1.0000000000000000	-1.0000000000000000	-1.0000000000000000	-1.0000000000000000	-1.0000000000000000	-1.0000000000000000	-1.0000000000000000	-1.0000000000000000	-1.0000000000000000	-1.0000000000000000	-1.0000000000000000	-1.0000000000000000	-1.0000000000000000	-1.0000000000000000	-1.0000000000000000	-1.0000000000000000	0.11671321475701180	0.11067819175357996	9.8549859640856718E-002	8.0768780729318035E-002	7.9232902676967143E-002	0.11708027598058779	0.10112930527724839	0.13304438277488928
21.125000000000000	-1.0000000000000000	-1.0000000000000000	-1.0000000000000000	-1.0000000000000000	-1.0000000000000000	-1.0000000000000000	-1.0000000000000000	-1.0000000000000000	-1.0000000000000000	-1.0000000000000000	-1.0000000000000000	-1.0000000000000000	-1.0000000000000000	-1.0000000000000000	-1.0000000000000000	-1.0000000000000000	-1.0000000000000000	-1.0000000000000000	-1.0000000000000000	-1.0000000000000000	9.5090268145042067E-002	0.15781622198833123	9.1906828361841386E-002	8.0379644622925017E-002	0.10490153536522362	0.10554799439058793	8.5275547095917004E-002	0.11212803015484396
20.875000000000000	-1.0000000000000000	-1.0000000000000000	-1.0000000000000000	-1.0000000000000000	-1.0000000000000000	-1.0000000000000000	-1.0000000000000000	-1.0000000000000000	-1.0000000000000000	-1.0000000000000000	-1.0000000000000000	-1.0000000000000000	-1.0000000000000000	-1.0000000000000000	-1.0000000000000000	-1.0000000000000000	-1.0000000000000000	-1.0000000000000000	-1.0000000000000000	-1.0000000000000000	-1.0000000000000000	0.12080189171935873	0.12445312047982338	9.1637528127316958E-002	0.12205206578825578	0.12701822054402534	0.13595096691492725	0.18442510127276046
20.625000000000000	-1.0000000000000000	-1.0000000000000000	-1.0000000000000000	-1.0000000000000000	-1.0000000000000000	-1.0000000000000000	-1.0000000000000000	-1.0000000000000000	-1.0000000000000000	-1.0000000000000000	-1.0000000000000000	-1.0000000000000000	-1.0000000000000000	-1.0000000000000000	-1.0000000000000000	-1.0000000000000000	-1.0000000000000000	-1.0000000000000000	-1.0000000000000000	-1.0000000000000000	-1.0000000000000000	0.17128387257410127	0.14783819895663686	0.13160979294814346	0.17644528056085385	0.26205421576942411	0.37175501713962689	0.29152823463828170
20.375000000000000	-1.0000000000000000	-1.0000000000000000	-1.0000000000000000	-1.0000000000000000	-1.0000000000000000	-1.0000000000000000	-1.0000000000000000	-1.0000000000000000	-1.0000000000000000	-1.0000000000000000	-1.0000000000000000	-1.0000000000000000	-1.0000000000000000	-1.0000000000000000	-1.0000000000000000	-1.0000000000000000	-1.0000000000000000	-1.0000000000000000	-1.0000000000000000	-1.0000000000000000	-1.0000000000000000	-1.0000000000000000	0.19704178044039811	0.15635527737315691	0.20803881713401795	0.26451023570436361	0.30514665715582723	0.26319025650207672
20.125000000000000	-1.0000000000000000	-1.0000000000000000	-1.0000000000000000	-1.0000000000000000	-1.0000000000000000	-1.0000000000000000	-1.0000000000000000	-1.0000000000000000	-1.0000000000000000	-1.0000000000000000	-1.0000000000000000	-1.0000000000000000	-1.0000000000000000	-1.0000000000000000	-1.0000000000000000	-1.0000000000000000	-1.0000000000000000	-1.0000000000000000	-1.0000000000000000	-1.0000000000000000	-1.0000000000000000	-1.0000000000000000	-1.0000000000000000	0.21498627967990869	0.20547570836139517	0.25930304711902830	0.27199509371498465	0.24146981167999293
cpt:C=3, cpt:clim_prob=0.33333333333299997
	87.125000000000000	87.375000000000000	87.625000000000000	87.875000000000000	88.125000000000000	88.375000000000000	88.625000000000000	88.875000000000000	89.125000000000000	89.375000000000000	89.625000000000000	89.875000000000000	90.125000000000000	90.375000000000000	90.625000000000000	90.875000000000000	91.125000000000000	91.375000000000000	91.625000000000000	91.875000000000000	92.125000000000000	92.375000000000000	92.625000000000000	92.875000000000000	93.125000000000000	93.375000000000000	93.625000000000000	93.875000000000000
27.875000000000000	58.148027438753203	45.731433417675078	51.006620264234016	50.785489343668878	53.000062292875214	53.864088560026993	49.974083906064585	64.881884697191339	76.651512789852688	77.859038069865875	74.078565698468381	75.506286025962154	80.944211177538477	67.862673067498534	50.064122992816927	58.136907311198982	65.935234832014103	57.008425886421257	68.094359290949555	72.194638371492232	69.711098117978352	74.222185366241902	80.414129237818571	60.821679749898003	56.360805131966593	71.524520920112494	81.309930847298119	69.795600685975373
27.625000000000000	52.148002724663023	55.703584764264555	45.081533271044044	44.637409204973707	54.758734376204742	43.187065242371510	40.283709058551089	64.363277320400641	75.396679115984057	74.616518004488057	62.512722565830359	62.576857588870126	69.935433156522663	65.389901762296404	53.693454833935775	45.367087934141395	57.382861670390739	56.446940360266275	43.003223863100033	52.080876121087748	61.577966347580301	60.275863120003038	60.680591932623052	61.877007845304234	83.491725190527205	81.228891869462359	79.106956313566329	68.982602884605825
27.375000000000000	48.024157526007514	50.551896380040560	48.464139640668243	51.953558754609340	50.338541787937416	42.464490173221378	39.639066062945460	41.627548765376382	52.169809624952677	67.651876139907500	69.366577593366628	50.904271695343674	53.829901808817567	53.007767854096954	45.179971512648827	33.674981918801436	47.436028831616298	46.099844309342977	40.012629154490192	63.166135424860073	53.001216188490609	49.012300654852815	48.899531449727135	54.601781889782217	81.036518721183654	83.434730328197418	77.546586661165577	70.815540952437246
27.125000000000000	52.293013369419548	49.613255939096298	57.506824536657142	58.756123707713556	45.886664502718922	43.878735207687384	42.631737749545159	44.234370440185224	52.286952428416100	63.796294809066723	59.101160404554385	55.026549868169262	45.634489292620756	63.090067764175252	41.558259756689040	39.382224646754658	30.883413478471113	30.093240395993558	45.453522433942382	52.332288684571004	53.133699691587431	36.209736940813173	37.733083103808440	64.748007765504298	64.844064292678766	67.823487467620765	72.075389076106603	74.661399810365353
26.875000000000000	57.119010424486682	50.248045755667306	45.139894850990821	38.700645431176689	43.872250842679186	42.920157712027859	61.664861626968850	47.821165961163047	54.103879670306924	52.208770704388272	67.085748873636703	59.884119426376479	56.015370887605876	46.378346885555203	50.524463164135369	28.689708926155578	31.140180145359448	27.325257161406391	27.820330047136956	37.751572610694225	38.206198206011884	43.746944893976980	43.309830215565640	43.034053864254346	54.481526166290983	58.790937253208831	55.845338285894741	63.153798345034481
26.625000000000000	61.267346241451051	43.908707322824384	57.148887095898239	54.570548069752853	58.514900440855776	65.318033653388085	53.507099708732731	55.466749688121162	26.925734271971731	31.555762760685603	53.113447474123099	51.153342852202634	41.906191545986992	30.461676623751408	41.943227812484359	33.830927623568272	33.274610425252298	37.118693635187924	38.201799270800045	38.848988412497263	40.330761532359801	38.656362600062820	50.194396635832319	35.433144432275334	53.160232229388825	61.345756636291007	60.617367319206849	51.830947419271055
26.375000000000000	52.185612037280094	52.460365870665292	49.600548270097974	53.998550855073269	57.366273138216805	51.635014705724871	46.032408883595934	43.848079272216943	35.275162536360725	41.584065349397711	53.880698755025151	44.547567029384346	33.670279062702051	25.092199550163990	27.817520077261378	27.198959403835566	28.265373278267354	32.861331542079178	41.076595590685656	31.164231364684735	37.199059793919133	29.282670303105075	36.492152932318319	35.419776386400073	39.821480232250863	53.191443796318239	57.836571298083349	52.252758538288703
26.125000000000000	52.443502345259731	44.364371259714474	37.466314054709912	32.971327955351683	39.184470708197253	34.488922936970830	37.804438049407302	34.671141954084163	38.232374147383794	35.390931250781534	42.862640348622413	30.814141619828018	31.078736893996844	24.779845357364909	21.403895519448611	24.930450600080718	25.419365149227414	22.873162070210554	25.510035343273714	31.365575160813787	45.365388628309717	29.582138044797507	37.121331112775984	43.925889364596095	40.438594676404563	57.667638286291755	40.120573532968521	34.921206764071691
25.875000000000000	31.371753174596712	32.470801495950823	39.371970183972117	40.082174863683420	37.757114573302950	42.109637152861580	39.600914300835008	34.414133758792040	44.154576787309203	36.482438680789855	19.673718384759425	18.467807856007042	15.314041027722357	10.610784025123102	18.001342067919737	13.611307808732212	13.740985265073350	21.691271830222650	22.820544411134254	26.535710599108235	29.358713481571051	32.764829167978775	35.115133290678521	34.513873777485585	31.758748966772355	25.552098121097195	30.302601379501244	26.661913702937262
25.625000000000000	52.259048069320471	52.213460417037069	50.602914457522964	43.257426443090509	46.633376839153016	47.834627204273893	51.385297894774162	43.477301585970110	39.948481847188596	24.309643120720796	18.418762003908945	19.305315567261591	14.982952783072175	14.927911349300196	24.831031060212634	20.426669788438094	21.904334671918303	18.049076278885622	18.157390141879844	14.241328112802101	19.694007629011896	21.304349315560351	25.931646945925351	30.104022524765366	21.286459073834788	23.682121859795330	25.451631421547621	27.547418800384342
25.375000000000000	74.569535272106762	66.266538290725222	54.456519811434426	54.929398509848326	48.124502623761103	45.789145975645951	45.840173687647180	39.223312918965341	28.035018486609758	23.177112340214016	19.150011485906305	15.968529756000843	15.868757328672009	16.704051608750049	21.259737643267197	19.269486264149734	9.8536126164386832	15.821762230729572	12.714804208874567	11.554878429295798	14.240558374005168	12.491534545371080	13.479524334787762	13.915700356100235	24.240196218686329	24.676659639183992	20.708695606966991	20.513778831388894
25.125000000000000	71.822628332149407	67.547940512850673	69.016280451945107	59.622673901451797	55.876517610209142	53.874615876927848	46.517822103370953	40.075974471608674	22.458066406751247	13.711909209263043	13.375891313608838	14.143152055818630	15.143494717397679	11.662893911080472	10.406412879625902	9.6196688978156839	10.833669713017867	17.383328093299237	11.216709995246948	7.5901547152108257	13.459253031982724	11.888040969955133	15.051550150835940	18.108126868257781	17.515777258962128	14.765414614257910	14.937403470772562	13.246807783580875
24.875000000000000	58.239720202151013	66.653281353771249	67.626108032507744	61.167693351151883	51.284235685994759	48.394900234273251	35.589186204805507	33.806739310197280	17.616042316983261	14.110417550613509	13.712500373027112	13.622270747466109	13.165323679385081	9.8344801789406588	7.9846905342710421	7.2578018730028147	10.066828171992926	11.336059814551573	8.7456246359180287	8.9874887594362729	10.963788110822879	11.396479814339342	10.843547543291322	8.2192910986105687	9.1331852986996722	6.5274550677040146	9.2189318795502064	11.661454837054825
24.625000000000000	54.801692548227777	65.442348852190776	58.409936279091546	44.610674832756139	44.172844144784051	33.684427322910096	31.135738611840758	28.467686588994525	19.395612878326769	8.3619286214896853	10.472232393865507	7.0167233730322867	7.6980452960278596	9.4506920412171862	6.7393926842896290	4.7539252864700332	4.0967646226819179	5.7045398443440769	6.8946050976539244	8.8646146811025002	6.8534993601352401	6.5376413325715337	5.6153355737334785	5.6330934674105588	6.3419219982286128	6.0977697942283573	6.2587478405619654	6.0492444491534938
24.375000000000000	51.237188880741137	42.143449042012158	43.527289810837765	40.878005227938061	27.246456142946901	19.290694819783699	19.798673964244404	14.966877684203078	10.720078099640522	9.7076814758687799	7.0781495802575893	6.1323691929291622	6.0991628764899319	6.6949213379080774	5.3729666020115641	5.4646778991110372	6.4857658967166856	3.6134564395612698	5.6011016675680514	7.2212155409835974	4.7252731199561033	4.2577638598861078	3.5034009731108906	4.0986631644764095	6.8559448430088725	4.2426293228878178	4.1070728188239247	3.6482237624267095
24.125000000000000	49.454380287463962	41.862814478023772	47.147876316893772	30.543456906211269	18.343870754946728	19.063696971770572	18.988244860646329	20.956288738534756	13.452388438210392	9.6034859519741200	6.9193913200149826	5.7229728344073880	5.8969488920287434	6.4222074469724610	4.0898930841172083	3.2355167603684842	3.0615708873582963	4.3951779102563382	6.1960429144760347	4.5428357888267632	3.5713355034618242	2.3970063354660605	3.2042188916168737	3.1217389578055115	3.2303660948176995	3.9437181287389635	4.6054254693312222	3.9579179610020514
23.875000000000000	48.036704829732521	40.115940116381125	39.730901793114398	28.556283445588527	18.026888135299149	20.554768278441678	20.182117500457359	15.604029972009487	12.604684570947597	14.921198017257739	9.1454388571665373	6.3271628258842760	4.1652239511062144	4.1347513771273166	2.6726400806484611	2.4789162446714070	3.5587586884532993	3.9963377253740715	6.8104526964616721	6.2690098477003211	4.5230910272303744	3.6508971422379486	3.6700912737233899	2.3155663187535351	2.7525535547398996	3.1160903799189130	2.3532678360997559	3.0373516374131713
23.625000000000000	42.865505065058116	40.385597387209913	30.946850779819783	19.480990854210944	17.234810836318879	17.380296495792802	15.397666482710456	10.983328978242485	9.4741243174461083	11.308161235648582	7.5730574632346972	3.9743637585084772	3.5802519100889185	3.2032794202185224	3.3188095167531220	3.0923723636087455	5.0539364518718584	5.1517808381476922	5.0818140997580104	3.0723575639754714	3.5963652434400610	3.6469953328606799	2.6387721405126445	2.1761951253901994	1.8392411877000339	2.1075288682411113	1.7661250765253798	2.3630249672046575
23.375000000000000	31.224096641365129	38.525846928024812	20.326561452881229	13.602164312376781	13.606034938762434	8.8750031056580188	8.0025869112286259	7.8023301011744941	7.0462405810136479	4.3074745803637793	5.0328435407148975	4.9682036887864207	4.8180647478165470	3.6318699216719952	3.8414811103779165	4.9352875591281489	4.2565990395899425	3.4250261207825838	3.0612174458963879	2.1092491459741312	2.3566104860261761	2.1263584570102512	2.5618041446485638	2.0485331140052314	1.6534832690557375	2.0739899529579735	1.9836073352178796	2.3330646297575934
23.125000000000000	21.820658660314184	21.435594746018630	9.9587704232158476	6.6766983727554283	8.4586847255937450	7.4214743025058345	5.4262339654412370	4.6533120653077100	4.2650618611285376	2.9915658591535648	6.0431824174708462	6.4300567534786790	5.1677763367556064	4.5491573710449353	3.8605187451535294	4.3622964115495622	3.7309897483353143	3.5250322026571008	2.2318626694659756	1.6962859576844809	2.5433452229236106	2.1768496092406613	2.2092577399623616	1.4500293733241059	1.6259934275118169	2.0306944873130339	2.2026162057414180	2.6748836821604569
22.875000000000000	15.687048438917191	11.817999061358590	8.5427035330799157	6.0868299185277177	5.2972353200291398	5.9256743277373261	4.7001984189085366	3.1954423088939645	3.6508678377555621	5.6718760036008735	5.5714864744329047	5.1798135843564870	4.2854985894537361	3.7162609626156993	3.7515464792733884	3.5171770357939574	2.8046327839670755	2.1718748830366730	1.7345926656351804	3.2571565833540519	2.5701945310157228	2.1228523858884287	1.6173141025008602	1.3368324626684773	2.0461015866366710	1.8562388874329336	3.0248929556903446	4.2588165659741470
22.625000000000000	12.289369783137563	9.9114766397091554	6.4794818785110602	4.4528468421902900	4.9530901781061178	6.0212644273926346	3.8717188508493114	4.0214563963817733	4.9461549763155377	4.8778901799122982	5.0431770095861239	3.7116943666513427	2.8992611546714597	5.3615502057883315	3.2593719725508348	3.3792043556314773	2.9866026058427941	3.0191058810014249	1.8805563023869276	2.7640016549518269	2.2853819936473876	1.5927267303231760	1.7155338400944280	1.4093539731345714	1.6000756860975081	2.0833748995241406	2.6908530957685315	2.1163525234861860
22.375000000000000	12.711499773497032	12.133290112751359	5.0045669484744790	4.4053032725777843	5.3320758003003341	3.7961840937500817	4.2682275366337130	4.0467618384322286	4.1033494087255242	4.1063112183779031	4.0430244279891880	3.7512878220986479	2.6868827874644166	5.5848393840702863	4.1578562966275632	3.2514264159986448	2.0388273946413453	1.8841055702448251	1.5995657801846352	1.6261247503061713	1.7400659544223718	1.7107084389618208	1.7025601950788605	1.2940182166253895	1.3954737915811697	2.0109937942945950	2.1873478930183103	1.6275045141719908
22.125000000000000	8.4216018358149203	4.6105469269554531	3.9528245446494727	4.3063090568415454	4.3385296758288430	3.2524652648426389	3.9367670501482785	3.9742792455721330	4.2551017798394968	3.8311580660409761	2.5308741413407083	2.0735800836748721	2.5447577040125298	3.1883211346751525	4.0921272748823760	3.1174947188165838	2.5091510173210465	-1.0000000000000000	-1.0000000000000000	1.9294620428738556	1.8933567514872389	1.6726767057913139	2.1220660217898537	1.7603970268738061	1.7067251546619306	1.8156091273132371	1.6146599467307650	1.8633267089202019
21.875000000000000	6.3467258998614122	4.8404299018997090	3.5149421333624189	2.9679679230912970	4.3966344668267565	3.3215329831151252	4.4293469394902498	4.2445213556325312	4.5591870584987673	3.2189153674445081	2.9700246118922324	4.5231698277596468	3.7104742275629281	2.9902515012041926	2.5711724099106372	-1.0000000000000000	-1.0000000000000000	-1.0000000000000000	-1.0000000000000000	1.7443499126921680	1.8268467844921235	2.0124552269215572	2.2525419977787511	1.5731771420153793	2.0001329111975070	1.4569944120673812	2.3411731622248375	1.9878637439148521
21.625000000000000	5.5596852365244889	3.3461566881700509	3.4244068077598140	-1.0000000000000000	4.2395506691988780	5.0485800425635405	4.9216748871380718	3.6741434274017846	3.8677583569657044	-1.0000000000000000	-1.0000000000000000	-1.0000000000000000	-1.0000000000000000	-1.0000000000000000	-1.0000000000000000	-1.0000000000000000	-1.0000000000000000	-1.0000000000000000	-1.0000000000000000	1.7315751932999550	1.7424794106257122	1.8239337799550726	1.6955849079384109	1.7472835825259856	1.4463413765882756	1.4294324299574150	2.2783616072210378	1.8348309508932223
21.375000000000000	-1.0000000000000000	-1.0000000000000000	-1.0000000000000000	-1.0000000000000000	-1.0000000000000000	-1.0000000000000000	-1.0000000000000000	-1.0000000000000000	-1.0000000000000000	-1.0000000000000000	-1.0000000000000000	-1.0000000000000000	-1.0000000000000000	-1.0000000000000000	-1.0000000000000000	-1.0000000000000000	-1.0000000000000000	-1.0000000000000000	-1.0000000000000000	-1.0000000000000000	1.5071019343700822	1.4423899354925358	1.2659285175881945	1.0161250391215106	1.0270995921905044	1.5681943808974383	1.3211061144701888	1.8526249942376976
21.125000000000000	-1.0000000000000000	-1.0000000000000000	-1.0000000000000000	-1.0000000000000000	-1.0000000000000000	-1.0000000000000000	-1.0000000000000000	-1.0000000000000000	-1.0000000000000000	-1.0000000000000000	-1.0000000000000000	-1.0000000000000000	-1.0000000000000000	-1.0000000000000000	-1.0000000000000000	-1.0000000000000000	-1.0000000000000000	-1.0000000000000000	-1.0000000000000000	-1.0000000000000000	1.1991925183913925	2.0455348624869618	1.1189648454622483	0.97264975823352828	1.3083025856345813	1.3248268232940719	1.0837831675594201	1.4465586542731879
20.875000000000000	-1.0000000000000000	-1.0000000000000000	-1.0000000000000000	-1.0000000000000000	-1.0000000000000000	-1.0000000000000000	-1.0000000000000000	-1.0000000000000000	-1.0000000000000000	-1.0000000000000000	-1.0000000000000000	-1.0000000000000000	-1.0000000000000000	-1.0000000000000000	-1.0000000000000000	-1.0000000000000000	-1.0000000000000000	-1.0000000000000000	-1.0000000000000000	-1.0000000000000000	-1.0000000000000000	1.4949900663161333	1.5901714440440613	1.1511636477781373	1.5671815354919179	1.6552615097246863	1.7948622238839731	2.6027076240514826
20.625000000000000	-1.0000000000000000	-1.0000000000000000	-1.0000000000000000	-1.0000000000000000	-1.0000000000000000	-1.0000000000000000	-1.0000000000000000	-1.0000000000000000	-1.0000000000000000	-1.0000000000000000	-1.0000000000000000	-1.0000000000000000	-1.0000000000000000	-1.0000000000000000	-1.0000000000000000	-1.0000000000000000	-1.0000000000000000	-1.0000000000000000	-1.0000000000000000	-1.0000000000000000	-1.0000000000000000	2.2523506623402056	1.9386521435791344	1.7036749945448910	2.3135946841509463	3.7313506453755343	5.7491828501162852	4.3739039511165609
20.375000000000000	-1.0000000000000000	-1.0000000000000000	-1.0000000000000000	-1.0000000000000000	-1.0000000000000000	-1.0000000000000000	-1.0000000000000000	-1.0000000000000000	-1.0000000000000000	-1.0000000000000000	-1.0000000000000000	-1.0000000000000000	-1.0000000000000000	-1.0000000000000000	-1.0000000000000000	-1.0000000000000000	-1.0000000000000000	-1.0000000000000000	-1.0000000000000000	-1.0000000000000000	-1.0000000000000000	-1.0000000000000000	2.5731201633917915	2.0406566707627736	2.7499041514041518	3.6483322620774463	4.4593164243441299	3.8859085864483363
20.125000000000000	-1.0000000000000000	-1.0000000000000000	-1.0000000000000000	-1.0000000000000000	-1.0000000000000000	-1.0000000000000000	-1.0000000000000000	-1.0000000000000000	-1.0000000000000000	-1.0000000000000000	-1.0000000000000000	-1.0000000000000000	-1.0000000000000000	-1.0000000000000000	-1.0000000000000000	-1.0000000000000000	-1.0000000000000000	-1.0000000000000000	-1.0000000000000000	-1.0000000000000000	-1.0000000000000000	-1.0000000000000000	-1.0000000000000000	2.9250797508091355	2.7571208635720592	3.6401437999910393	3.8607681600203900	3.4279694848918179
