xmlns:cpt=http://iri.columbia.edu/CPT/v10/
cpt:field=prcp, cpt:T=2019-06/09, cpt:nrow=32, cpt:ncol=28, cpt:row=Y, cpt:col=X, cpt:units=mm/day, cpt:missing=-999.00000000000000              
	87.125000000000000	87.375000000000000	87.625000000000000	87.875000000000000	88.125000000000000	88.375000000000000	88.625000000000000	88.875000000000000	89.125000000000000	89.375000000000000	89.625000000000000	89.875000000000000	90.125000000000000	90.375000000000000	90.625000000000000	90.875000000000000	91.125000000000000	91.375000000000000	91.625000000000000	91.875000000000000	92.125000000000000	92.375000000000000	92.625000000000000	92.875000000000000	93.125000000000000	93.375000000000000	93.625000000000000	93.875000000000000
27.875000000000000	1047.9066761480940	926.87305012920251	888.25885845073230	947.18949158306327	1007.2697226327259	809.08878904107905	675.54616290221816	511.89042500753391	360.32102500589099	403.88472976097842	342.66660368656460	297.49518820708215	220.79260109762612	140.70196698954527	109.28382118584113	136.89927551986517	202.99782832574422	200.78144147317010	136.08006312120997	104.77553043141657	144.27753459284207	216.58253557412664	292.62255764171397	429.85548570867115	610.77056311959518	842.69663959545710	1013.3561966009518	1100.1743270478385
27.625000000000000	1378.7199694942303	1328.3564189149024	1178.1240087618157	1117.6598703713723	1114.2149516390416	904.62735211175743	692.23294287432668	433.48821305067145	365.19643802820656	426.70475983741824	415.69026491837099	435.71263047132442	297.29585903490539	209.09253181646574	182.68579996640744	225.43387639577105	278.03487422969908	266.77986862027097	279.36493061697871	233.85769408867594	233.42740025677722	318.18061075955893	411.75748559207767	619.78609671911306	776.21860032069151	737.38906049079071	962.21267102924799	1142.8891107926245
27.375000000000000	1268.4344165642183	1253.5295967703710	1331.2735081526353	1224.2123771318231	1139.0051641135769	1099.0232599162891	905.31340788949490	616.52226058286737	626.15185270064239	580.13232929967558	549.65691708939664	494.79862078812232	436.46244804255343	343.86189529980794	334.42796973336192	279.22617760387777	358.30849175188354	366.28068382241736	396.58195180024563	284.08772160405363	284.30324326350581	380.82775988899846	586.78488018916289	832.01908814825572	890.42145361039911	842.62131319316279	1109.2805808554324	1471.7917837844475
27.125000000000000	898.65214287080335	935.86472014418200	1102.1922812675493	1289.1318323987593	1406.4887526366833	1554.8439146373735	1485.5913102358295	1300.1853872140355	1163.4532383773212	979.30332574497652	874.18003789533282	848.69437939527211	864.02912499326283	791.19523649082623	765.73347319919935	709.86430188328347	714.84829157042623	700.00527437851804	558.95176373053584	498.04677951379063	542.29633180198903	684.68233504762179	985.41305751388495	1153.5918930670193	1141.2427890947040	1172.5475087275697	1328.3550542729736	1675.1166604095220
26.875000000000000	1245.9861299619747	1042.6631168638842	1323.0901949308268	1339.2084075613000	1658.7619657912110	1869.2172572019099	1910.0816463334700	1897.7984803623356	1914.8568039640611	1824.4200907831282	1618.6199973359790	1659.0382824707604	1632.6099290939860	1636.8839989286435	1530.4862960656917	1413.8814347946741	1359.6074535900468	1239.6445050028665	1155.1648288993511	1076.1441448835606	1116.9712720405339	1286.8956066636965	1342.7713030870104	1383.1442218501675	1410.6616048611479	1355.9144078508609	1334.8772290521974	1466.6839122183846
26.625000000000000	1380.9582052190649	1358.3788884924675	1581.3921056569766	1581.2163495180937	1740.1189987596874	2038.3900201790666	2108.9045795043476	2140.2370832193656	2188.1251963420095	2251.8525591915304	2235.7315024092786	2273.1173699384181	2184.0375210419184	2171.4274193385318	1943.9739321275983	1786.1686699797535	1580.7875625138868	1476.0545918047328	1321.4447556775247	1170.7744297693241	1206.4422587763843	1265.4386548285049	1197.3062574813985	1239.1727334467735	1262.9025210309794	1246.3545973867144	1274.4852852596125	1400.1031919442385
26.375000000000000	1284.2364299986648	1339.6045142273679	1395.6647664145019	1538.1600833535249	1726.4761815771715	1894.1227797044930	2131.1459162794699	2113.5079754703447	2182.6640811477487	2329.6736513471178	2287.6193484913151	2263.4320888008647	2212.1443432997539	2097.2919535022211	1869.9531107142348	1664.7452256571808	1441.6898169968822	1238.5996562729947	1173.2013699317934	1198.3187072313697	1184.5177781427003	1178.6413073587385	1191.1972676673554	1214.3586843436674	1241.6695390834225	1246.2430986711793	1324.0857043336707	1510.5787158832036
26.125000000000000	1220.2958496334031	1269.2836418336767	1395.4713929771613	1546.3193020509193	1612.4422604509339	1740.3552568117684	1835.5953397348744	1845.7555539249934	2022.6944169127255	2185.5605330219055	2214.1495047330841	2114.0236655697977	2125.2934878829310	2037.4684884563687	1897.2893353892946	1742.1237603595762	1482.6324584970805	1274.8710686046436	1149.6070557302073	1295.9119595159902	1346.7615655742102	1298.4168638801807	1296.1984078799148	1283.7202825334493	1238.4142245068701	1229.9646011661159	1322.3005107354993	1553.7679081430349
25.875000000000000	1124.7685133629636	1211.0964876665325	1276.3452639341408	1358.6089376228674	1450.4719884846495	1493.2125956299221	1504.2437037222260	1599.7307762945804	1772.4807883484764	1895.1812296145577	1983.0438213200748	1914.4396649933794	1984.0866751550604	2041.3437777299048	1990.5492059663004	1927.7364252809493	1833.3479779264792	1778.8437385013040	1703.8050322174754	1654.5147293852835	1556.6566948359086	1478.3704380647462	1434.8525555498873	1278.9653135310846	1034.4265280292605	1133.8669540828841	1378.5304277060536	1520.3241659185830
25.625000000000000	1090.5944003218215	1144.8927536954504	1211.9479687591329	1253.2074201952034	1304.5140866801937	1273.4961745056480	1258.9515336159902	1401.6610228183181	1479.7859178702743	1599.7534138046672	1726.7783304734248	1934.3706065938736	2279.7469457719390	2267.4044927726300	2152.2669201051567	2260.6585606522185	2317.1711790187937	2364.4390327352917	2188.7805298903754	1758.6053601701753	1735.6620542480055	1676.4942635736118	1544.0102288985270	1298.9178867837581	1018.2906701104256	1110.2851810667892	1224.6950219485827	1253.2301637642388
25.375000000000000	1002.0534267333378	1070.3916857388331	1090.3556368480390	1164.0355968742331	1175.7894603059751	1195.1665417060581	1247.1257495894861	1294.6407675746318	1391.9932193756133	1382.0065818528797	1517.8144500285523	1749.8067894514670	2171.9978232557469	2310.9682157820916	2294.6024214296540	2423.0073814660122	2708.3454909360457	2831.4631261722052	2837.3262907280796	2357.1515280824924	2207.4178375760271	2027.8738667042376	1784.2031616370718	1501.2154447706721	1317.8810227057174	1117.3124337055942	1014.7081264918095	954.48238554715613
25.125000000000000	909.85636775773992	1040.0186392427054	1067.1575017878124	1103.2002791375203	1079.6672597655013	1111.6088254613796	1156.1016051318486	1256.5402923875893	1277.6527546668726	1330.6610144494553	1418.0270088419247	1590.4547977049169	1793.1887536337319	2049.0634618332797	2244.4062661919424	2489.4695859259118	2861.2882614037953	3152.6913308737112	3298.6918001824079	3174.1976091593879	2656.5918294274793	2287.7905383944667	1928.9039222931785	1640.9570487313754	1368.2091670230366	1160.6674004030622	925.66251967835819	818.38468399954286
24.875000000000000	1034.5826859837064	1094.0207328989377	1147.9921900602944	1146.5748927445400	1038.6559007955223	1053.6356904511415	1099.1052694480172	1160.6630642250434	1206.2132265792918	1276.4813759516906	1376.6023628994403	1493.4223812210605	1580.6928976401916	1768.1835109007006	1995.6201807903617	2177.9574395794921	2358.0071396142102	2662.4722619185568	3040.9538491142584	3209.4632552858584	2620.9413903228433	2233.2739949188772	1977.1784393263390	1933.4664126852717	1634.0319304001591	1237.7684638508317	951.71052017455452	803.15255539913449
24.625000000000000	1128.4538116824785	1141.0557150099601	1144.9206003862239	1106.5150537123830	1109.8865238385654	1124.3552353728473	1100.9930813898834	1129.5934637428363	1172.9954332696452	1218.5573440524508	1283.4481547501155	1410.6236173665886	1502.0724601256118	1636.8431219530530	1753.6386652877745	1823.3689775365383	1953.9873671573951	2087.4039322020881	2276.7772988250426	2412.4205617259222	2162.0577838075678	2057.5327119797839	2004.5883149781262	1863.1555964431232	1562.6230836477132	1297.2897982532277	962.72605043011777	840.03272185479648
24.375000000000000	1093.1341547608679	1121.3547611451895	1104.1575309064999	1099.2648993302330	1107.8408281661286	1100.8064402026962	1069.6956275468390	1132.5267144867878	1171.6369768841128	1150.1744079267248	1177.4325623300483	1282.5847276272020	1369.7230922980568	1463.2095180629840	1499.0062930619331	1566.6924308374605	1697.8581852579000	1741.1555835323293	1700.3519889761330	1780.2136747751288	1897.7239341189284	2120.2281154920479	2041.5533634824174	1885.2567787097646	1537.6232797407558	1274.5109983038046	1012.4616066423891	939.96878359746620
24.125000000000000	1063.0926202831354	1074.4720217099348	1075.8185624211656	1079.0516724520846	1034.7634523311485	1023.7963068762721	1109.1963100930620	1139.4339346970287	1131.2151230137940	1132.8114256421472	1145.5663226741506	1196.0302336800537	1246.7920059246244	1305.5112858561961	1367.3443999339513	1397.6299152808658	1459.1051799010879	1669.6651846331067	1736.0417219687113	1908.7273511532787	2023.9352213528764	2142.5184671648931	2084.8748409541672	1797.2998971767995	1460.5398377701758	1230.9362307714132	1058.7655556789518	1085.4010232384417
23.875000000000000	1054.4266725074153	1077.2761613446669	1074.4554426521579	1031.3779392766812	1024.5239625312345	1047.3191780608133	1107.3048018306476	1151.3600667208671	1147.4421956680596	1145.8601680635279	1167.7516396175170	1203.7692964457199	1271.9230577430396	1373.1331337100848	1391.4772802756115	1352.4778830525061	1412.6257799755917	1641.8643422991522	1871.9013690887655	2024.8439288150621	2243.8843517773653	2118.0240157585176	1892.7867654730740	1647.2048978043999	1348.8597563672706	1177.0651086490370	1129.6223345694475	1192.2100921741987
23.625000000000000	1105.8481041247455	1108.0634770074885	1030.4095689738183	1009.8157963145260	1034.4216896390794	1069.4196273867817	1149.9880185963243	1179.5494114329420	1187.4273980504227	1228.6090142160983	1266.3852641219041	1279.9419818749475	1287.7285337987687	1368.4710677146691	1443.2362117766338	1431.4179713409640	1563.6709229325902	1710.8802994741327	1944.0415715013814	2069.1129668173708	2178.2256519313032	1983.0216988466204	1623.1897998592469	1442.1369184444977	1172.7408988303005	1054.0273655828062	1151.2443113751033	1236.5414372626535
23.375000000000000	1094.4295550988240	1128.7990840626735	1052.0635349518593	1012.8019074974283	1036.2188104501924	1075.9102618447153	1130.2425817462235	1188.2837043819609	1216.9112377789259	1244.0315522651460	1250.0228081899643	1236.1434028166486	1222.1086501209784	1338.1438355584914	1444.8153651311400	1442.3845436604395	1510.2204061070843	1738.5639690051162	1943.4611285319652	2122.1081476742884	2198.5859801130928	2091.5980462533980	1810.4354475737014	1552.6164873116127	1247.6194683768799	1115.5178923386702	1200.8041448306644	1281.6406063264856
23.125000000000000	1097.2135395681551	1120.9096006647876	1050.1757847344152	1083.8497591564471	1185.6957976891263	1173.5048190944856	1217.1535265976472	1232.2160777124418	1233.4387481861390	1217.3327578701558	1262.8814487503953	1225.8254515806932	1294.6611505656501	1444.1130059399020	1573.9782474093820	1696.8292437332861	1804.1446423797302	1907.1265992895044	2016.0958384740902	2186.1228183689900	2208.4493171569461	2132.2481219338315	2020.8212640368397	1698.3107907177196	1361.7951184317731	1207.9221698677798	1214.6707909415741	1318.8035787783699
22.875000000000000	1175.3826235604261	1155.7175329904662	1143.2559347746376	1220.1523790386123	1229.3608824698601	1302.1302462028923	1251.1152252719271	1218.2822666168631	1247.2136268409267	1267.9442270763548	1319.2005481879862	1306.1488112540726	1344.9476395484157	1533.6545578974819	1668.0213311056352	2041.3696059856761	2289.0562296302442	2245.5029318910051	2208.0199604587206	2239.9419482889130	2242.7129929173175	2164.7451683844656	2089.9872822379934	1756.8923506277897	1398.0973026869433	1239.2181490717294	1184.5000447042876	1364.4854221746994
22.625000000000000	1174.5241337694604	1197.7354406698296	1246.0467228801915	1290.3292650784479	1332.5094651770685	1377.1374053085365	1327.4458275268576	1284.5321292432336	1329.8869174323866	1355.0752817116072	1353.8869772827898	1377.5825522093055	1441.7458329853835	1643.2307035520739	1844.2867345793084	2108.1777098580001	2500.4559085569244	2416.2508800722771	2313.4550831653401	2264.4176554415353	2190.3290585953973	2132.9016816326825	2078.4526194852087	1747.5068234700902	1326.0797399609617	1437.0593545191514	1657.0427796494059	1466.3999107430855
22.375000000000000	1217.8173525858479	1177.7175655427541	1233.9381675024351	1282.6577804858653	1356.8039021430991	1384.9967281173886	1367.4959860477304	1380.8647419434076	1384.1884452044619	1436.6270844397434	1426.4323492959165	1468.3363818979597	1625.1871621682837	1833.8711076063807	2064.8525039590841	2249.0892294535852	2315.4158991368577	2369.8537646695686	2375.3329542706983	2209.6093040847491	2172.4348900033160	2173.7109920328548	2056.2410940637424	1709.5753114929707	1325.2541381478904	1419.0881283824513	1612.5833685564169	1418.1431552313520
22.125000000000000	1267.4839562334282	1201.7482180068212	1273.8496448735903	1295.5899351821035	1316.1920053478409	1401.5071051933869	1419.4312771771858	1441.4123336629377	1468.6849874545637	1467.6516925784458	1496.0541787462532	1489.2227439376929	1726.4627909429400	2046.3785675202105	2227.9787526429786	2285.1709064489469	2324.0912375344360	-999.00000000000000	-999.00000000000000	2244.8748836387981	2185.8636475873700	2160.2788822192947	2098.4821656221156	1858.2876017038293	1476.5392001627320	1491.6223846433941	1621.8627238275753	1409.7108373505689
21.875000000000000	1265.3570638018662	1256.5303653528488	1342.8380930616775	1352.3175959796490	1353.1829669145206	1412.7715467141256	1435.0176341810802	1410.2400394876465	1488.7421178071754	1486.3484707921284	1468.7778006220221	1501.5580391230274	2544.8239696619867	2473.8415290093917	2264.8294583236593	-999.00000000000000	-999.00000000000000	-999.00000000000000	-999.00000000000000	2333.8370225128601	2343.6706742108295	2338.9173779270932	2285.5130439772952	2044.5388671045507	1838.9934082830546	1767.9771254614770	1716.3383684140999	1519.8972469404835
21.625000000000000	1233.7371611336996	1251.5224784308182	1342.6797954617266	-999.00000000000000	1374.6229740392746	1373.5179824975712	1370.0963526936760	1390.9369484099427	1406.3995364366206	-999.00000000000000	-999.00000000000000	-999.00000000000000	-999.00000000000000	-999.00000000000000	-999.00000000000000	-999.00000000000000	-999.00000000000000	-999.00000000000000	-999.00000000000000	2646.3628880017641	2554.7582812083215	2515.0830022750924	2518.2695841219338	2233.0052247006124	1909.1661620398299	1788.3711928396342	1777.9392282411243	1612.9552155568658
21.375000000000000	-999.00000000000000	-999.00000000000000	-999.00000000000000	-999.00000000000000	-999.00000000000000	-999.00000000000000	-999.00000000000000	-999.00000000000000	-999.00000000000000	-999.00000000000000	-999.00000000000000	-999.00000000000000	-999.00000000000000	-999.00000000000000	-999.00000000000000	-999.00000000000000	-999.00000000000000	-999.00000000000000	-999.00000000000000	-999.00000000000000	2853.3495551862497	2839.7476209503957	2793.9168319380301	2570.4996034193864	2134.9465212132777	1958.8834058593482	1843.7527008245743	1793.7097310706224
21.125000000000000	-999.00000000000000	-999.00000000000000	-999.00000000000000	-999.00000000000000	-999.00000000000000	-999.00000000000000	-999.00000000000000	-999.00000000000000	-999.00000000000000	-999.00000000000000	-999.00000000000000	-999.00000000000000	-999.00000000000000	-999.00000000000000	-999.00000000000000	-999.00000000000000	-999.00000000000000	-999.00000000000000	-999.00000000000000	-999.00000000000000	3002.6360541640383	3034.4296977967556	3013.2285774562188	2805.4007999231239	2443.0883134377195	2210.3387642923990	1995.6359920225636	1977.7324059204479
20.875000000000000	-999.00000000000000	-999.00000000000000	-999.00000000000000	-999.00000000000000	-999.00000000000000	-999.00000000000000	-999.00000000000000	-999.00000000000000	-999.00000000000000	-999.00000000000000	-999.00000000000000	-999.00000000000000	-999.00000000000000	-999.00000000000000	-999.00000000000000	-999.00000000000000	-999.00000000000000	-999.00000000000000	-999.00000000000000	-999.00000000000000	-999.00000000000000	3286.6089004511769	3277.2521719073275	3018.7850942164305	2646.1564414242216	2494.8613149829516	2107.3954598546507	1875.8057467374306
20.625000000000000	-999.00000000000000	-999.00000000000000	-999.00000000000000	-999.00000000000000	-999.00000000000000	-999.00000000000000	-999.00000000000000	-999.00000000000000	-999.00000000000000	-999.00000000000000	-999.00000000000000	-999.00000000000000	-999.00000000000000	-999.00000000000000	-999.00000000000000	-999.00000000000000	-999.00000000000000	-999.00000000000000	-999.00000000000000	-999.00000000000000	-999.00000000000000	3436.6546124563624	3449.2169919614562	3264.3182175019570	2841.8619001566049	2714.5498890283488	2401.6206527020922	2013.1819491329477
20.375000000000000	-999.00000000000000	-999.00000000000000	-999.00000000000000	-999.00000000000000	-999.00000000000000	-999.00000000000000	-999.00000000000000	-999.00000000000000	-999.00000000000000	-999.00000000000000	-999.00000000000000	-999.00000000000000	-999.00000000000000	-999.00000000000000	-999.00000000000000	-999.00000000000000	-999.00000000000000	-999.00000000000000	-999.00000000000000	-999.00000000000000	-999.00000000000000	-999.00000000000000	3457.7759128561574	3522.4755524911279	3409.0962819896613	3064.2354832399287	2807.7195588280647	2396.0242533928940
20.125000000000000	-999.00000000000000	-999.00000000000000	-999.00000000000000	-999.00000000000000	-999.00000000000000	-999.00000000000000	-999.00000000000000	-999.00000000000000	-999.00000000000000	-999.00000000000000	-999.00000000000000	-999.00000000000000	-999.00000000000000	-999.00000000000000	-999.00000000000000	-999.00000000000000	-999.00000000000000	-999.00000000000000	-999.00000000000000	-999.00000000000000	-999.00000000000000	-999.00000000000000	-999.00000000000000	3871.6915954974884	3823.0785066638246	3648.9657238741338	3305.4000602300230	2874.9297262029245
