xmlns:cpt=http://iri.columbia.edu/CPT/v10/
cpt:field=prcp, cpt:T=2019-11/2020-01, cpt:nrow=32, cpt:ncol=28, cpt:row=Y, cpt:col=X, cpt:units=mm/day, cpt:missing=-999.00000000000000              
	87.125000000000000	87.375000000000000	87.625000000000000	87.875000000000000	88.125000000000000	88.375000000000000	88.625000000000000	88.875000000000000	89.125000000000000	89.375000000000000	89.625000000000000	89.875000000000000	90.125000000000000	90.375000000000000	90.625000000000000	90.875000000000000	91.125000000000000	91.375000000000000	91.625000000000000	91.875000000000000	92.125000000000000	92.375000000000000	92.625000000000000	92.875000000000000	93.125000000000000	93.375000000000000	93.625000000000000	93.875000000000000
27.875000000000000	80.840199576592809	19.348097465066488	55.390421952226831	53.003854423525937	54.616461669097596	44.380019280776423	20.789655338195818	21.548800000000000	16.577349999999999	18.666249999999998	24.797799999999999	22.834750000000000	18.723500000000001	16.737800000000000	2.7763828581736258	15.997697918830660	19.564050000000002	19.550499683704885	20.373100000000001	33.489500000000007	31.661800000000003	9.5221250000000008	3.9151749999999996	27.454499999221525	53.051572701905876	76.978750000000005	102.89589999999998	108.71549999999999
27.625000000000000	95.955306534664174	98.087072948567538	24.808907845644598	27.227340174530475	57.809675612741735	11.701072627664390	8.9909250886073693	22.474899999999998	17.153150000000000	32.731400000000001	33.531999999999996	34.077349999999974	23.457450000000001	16.099700000000002	13.821125733851307	0.63404577355900316	28.556180472423954	23.901360483560303	-0.87006646543722888	19.345777133500043	38.039999999939980	47.029449667444503	34.084799995767611	55.401999999987915	89.426199999999994	64.239200000000011	105.84890000000000	119.29870000000001
27.375000000000000	25.274631915994846	42.055693640908927	27.676171346434710	60.530366226919149	35.697886016916499	7.3472889952627591	6.6112250227715235	6.8842245127923336	26.596336893149211	25.327350000000003	28.323450000000001	21.339163864315733	33.471553145050756	34.244616614905382	0.38011067935603515	0.79274000000000000	8.0905748516911675	1.1260639617705812	0.19608831460645049	35.618299999999977	25.045870099852500	18.198243426319472	30.247081996272239	62.846182798428096	92.850249999999988	88.860450000000014	117.63174999999998	144.30300000000000
27.125000000000000	63.585857639217174	24.477756787900422	57.767145105124662	50.238399942030910	10.744367040339963	7.8118469486358979	7.3034532916307864	7.3003067078983364	32.906559000494077	42.784500000000001	52.596499932979590	42.922760793193149	2.9663283039364048	57.453249999999997	-1.7146112689845863	-1.5833799531209043	-0.40575500000000009	4.7992700000000008	7.8853413087141515	58.915975086064272	49.081386038182544	13.652350000000014	15.346950000126339	95.359899999999996	103.74095000000000	108.70914999999999	130.88940000000002	166.39999999999998
26.875000000000000	65.682656276669022	21.507996523013531	8.3420935110395700	7.7365550001343735	8.1779494228643816	8.8533417291613770	31.230949999999883	11.597520441133026	37.783120623946118	41.293932993925026	51.266500000000008	44.419349998266469	44.001833448073853	15.456702085780018	40.811356927361821	11.742350000000002	11.325899999999997	11.517700000000001	11.493500000000001	14.510350000206827	19.425500000297252	22.003118135022426	20.238103627904849	26.495280595454510	125.85217648451211	119.99488801606134	114.59855455843436	134.82349999999997
26.625000000000000	65.274249999882244	8.2378477714975027	46.808302440426566	33.172693979396698	29.004999005316066	22.859499999999997	30.867509946677288	34.873410231347712	6.6438400000000000	3.3252500000000000	41.074221655085601	35.049132538771801	14.628236600483030	14.996500000000001	16.107515101407795	15.089000000000002	14.890249999999998	14.608700000000018	15.012450000047700	17.917250002444181	17.953151640645178	24.487000000090145	52.524768199511151	23.636250000000004	120.97669362309560	127.70969999982040	130.06949999162111	105.56399171128521
26.375000000000000	45.137510791115190	47.038506128599181	18.611111473360289	35.519871008889211	37.089576285703188	26.683339430470888	3.9226791366113822	-0.26339594253820253	0.0000000000000000	0.0000000000000000	38.689012833068283	16.782924253244865	16.331650000000000	14.345150000000000	11.988550000000000	7.9890500000000007	7.9145100000000008	7.1574399999999994	10.036851618017321	5.0884749999999990	9.1110000003421021	12.952950000000000	14.745750000000347	20.302849999999999	27.027900264578495	135.23493607145966	139.99671668568064	118.08406005159918
26.125000000000000	45.295490042480047	10.368214583578958	9.9754500000001247	7.2117900000000006	5.4151550119515663	-0.87567499999999998	4.2705300000002460	5.0705600000000004	-0.77133499999679245	-1.2585500000000001	6.3335764325887132	19.896300000000004	16.938800000000001	14.633949999999999	11.853400000000001	10.892550000000000	10.824050000000000	4.5918299999999999	2.7413149999999993	5.9022500000000013	11.892656033590887	2.9781350000000000	5.8070700000137148	18.618231839820993	22.482400636978188	138.49968214841556	30.573050742382641	36.659949999999995
25.875000000000000	-0.26557950000000002	0.68215000000000003	5.5884400767287570	4.6531107848487032	5.7003950000023202	5.4279279541566625	6.8816100020955338	4.7449050000000002	-1.6099565941211051	-0.71712999999979843	0.90762650000000000	6.4933299999999994	3.2077999999999998	6.0731750000000009	6.1737650000000004	3.2926200000000003	-0.36627499999999968	-1.9800300000000000	-2.4338099999999998	4.5892999999999988	4.6042499999999995	12.334399999999999	15.646250000000000	19.611300000000000	22.070450000000001	23.486000000000001	36.850750000000005	38.435450000000003
25.625000000000000	42.020550974615176	39.629882446139206	26.402346569295240	4.2887277137252822	6.4004146299357583	9.4685026379432706	27.885822373073587	4.8471823575531499	-5.9485465651684645E-002	-0.10432450000000000	3.1362900000000002	6.7508300000000006	6.4866650000000003	7.6728950000000005	6.8586550000000006	4.5410250000000003	-2.0197665000000002	-5.7763734999999992	-4.7232349999999999	16.538950000000000	11.935050000000000	15.681649999999998	20.838000000000001	21.412750000000003	21.823800000000002	26.157449999999997	32.347999999999999	29.962250000000001
25.375000000000000	51.151249999999997	41.455649999999999	41.456227146668716	38.223558074534125	10.780426344069449	6.9279907635878155	6.9986205826918022	6.1243900040026604	2.4140799999999998	0.13313050000000004	2.8255650000000001	6.4277800000000003	7.7613049999999992	8.6451499999999992	7.9447850000000013	4.3719500000000000	-2.7331799999999999	-1.8587110000000002	-0.53153500000000009	10.400550000000001	12.880749999999999	16.782750000000000	19.197550000000000	20.247999999999998	31.320650000000001	31.344850000000001	30.411150000000003	26.638900000000000
25.125000000000000	45.591999999999999	39.184150000000002	46.538449999999997	41.578099713701796	42.512417300681548	43.564118336891639	7.3247067892652096	7.2037900054823325	3.4352350000000000	-0.97169499999999998	-0.17651000000000039	6.1228699999999989	7.5289950000000001	7.7418549999999993	6.9338850000000001	6.2070999999999996	2.1761699999999999	-1.8340150000000000	0.23459500000000011	2.7693500000000006	8.1449400000000001	12.220950000000000	23.717449999999999	27.255300000000002	31.878549999999997	34.203550000000000	32.558199999999999	22.640350000000005
24.875000000000000	41.186276313373156	39.766800000000003	44.948000000000008	43.930249999702518	31.370205205107439	13.630893513044018	7.3427550000000004	6.9657599999999995	0.18804499999999980	-1.6691600000000000	8.5861550000000015	6.4377399999999998	7.6376299999999997	8.2753899999999980	8.3472350000000013	7.5738649999999996	6.6994449999999999	-0.26624599999999998	3.0968900000000001	7.9774000000000012	6.8503799999999995	20.100500000000000	24.697199999999995	28.317650000000000	30.559200000000004	35.104249999999993	21.019400000000001	18.320100000000004
24.625000000000000	42.101818835290423	44.867599999999996	43.657349997259459	7.0416333344346054	7.2600105817393601	7.6979300000000004	8.2626600000000003	7.8371350000000000	4.9161350000000006	0.87521500000000008	11.094949999999999	11.231299999999999	7.5995699999999999	8.1889149999999979	8.2897150000000011	7.3830950000000009	6.3493650000000006	-0.27227700000000005	2.1587449999999997	11.371700000000001	14.015400000000000	27.587249999999997	30.052700000000002	28.550550000000001	30.267950000000003	23.602550000000001	20.304050000000000	17.577450000000002
24.375000000000000	28.571577192132672	2.2820553895617617	7.5728163284705765	8.0014929285237972	8.1313299999999984	8.7751500000000000	9.0159500000000001	8.0390750000000004	7.9449149999999999	7.7217400000000005	9.8105499999999992	12.481000000000000	7.3424750000000003	8.0658250000000002	7.3838349999999995	4.0188350000000010	6.3178850000000004	-0.92594500000000002	1.5955600000000001	10.869850000000000	12.756750000000000	25.675599999999999	24.892900000000001	17.986250000000002	22.737050000000000	24.829349999999998	40.048349999999999	36.325749999999999
24.125000000000000	23.852694027060537	6.2848620367025205	14.317900455259132	10.001399999999999	7.6351500000000003	10.209650000000002	11.751650000000001	10.652300000000000	8.9102449999999997	9.1615649999999995	11.795900000000000	7.4245150000000004	1.0749249999999999	2.1806950000000001	4.0430999999999990	9.4814000000000007	8.2669150000000009	4.8275500000000005	8.3818500000000000	18.122450000000001	23.023050000000005	30.222799999999999	35.344700000000003	38.729200000000006	44.090600000000009	45.715800000000002	46.591550000000005	44.408750000000005
23.875000000000000	22.662695985233533	9.9685003526391256	10.205350025645743	9.4680999999999997	7.3270349999999986	7.0705249999999999	9.4211349999999996	9.6463350000000005	13.349900000000000	12.228450000000000	9.6049000000000007	6.2424049999999998	-3.3958499999999998	-0.44328000000000034	0.92184999999999961	9.7052000000000014	17.040650000000003	16.424099999999999	23.000850000000000	27.055550000000004	32.335400000000007	34.716450000000002	36.739300000000000	43.295150000000007	47.864199999999997	55.377450000000003	56.349249999999998	53.132649999999998
23.625000000000000	15.523370798339032	9.3336009010478946	13.343650000000000	9.1904000000000003	5.7358650000000004	6.8266500000000008	7.6773500000000006	8.2143799999999985	9.1872450000000008	9.3189500000000010	5.4835449999999994	-0.29500500000000018	6.0350250000000010	10.710799999999999	9.9780499999999996	6.8006899999999986	11.451700000000001	17.528050000000000	26.877850000000002	29.334049999999998	33.986949999999993	37.410449999999997	42.979950000000002	46.753799999999998	57.667900000000003	60.258150000000001	63.532800000000002	61.932750000000006
23.375000000000000	12.505150000000000	7.3479700007236142	0.32221000000000011	6.8952749999999989	3.3533699999999995	4.6291799999999999	7.0045099999999989	7.7524299999999986	8.5797100000000004	7.3698100000000011	3.9112849999999995	-1.4207700000000001	4.5079200000000004	16.480200000000004	12.022700000000000	-3.0005850000000001	-1.9576675000000003	13.843650000000000	27.614850000000001	28.138400000000004	34.481249999999996	37.973349999999996	43.979949999999995	51.065150000000003	58.236400000000003	65.619050000000016	69.580099999999987	54.772950000000002
23.125000000000000	15.663900000000002	9.3101950000000002	10.750650000000000	14.653849999999998	6.7176449999999992	7.0565499999999997	5.8655549999999987	8.7252049999999990	12.772200000000000	5.6205449999999999	5.6495200000000008	7.5241250000000006	-0.55726500000000012	8.5167000000000002	13.025850000000000	13.928249999999998	8.5638499999999986	17.730200000000000	17.839750000000002	20.407550000000001	31.871800000000000	34.222100000000005	37.944899999999990	43.132749999999994	51.827650000000006	63.003300000000010	67.439100000000010	55.569699999999997
22.875000000000000	11.786000000000000	9.1730499999999999	7.6911149999999999	8.1011500000000005	6.8284649999999996	7.4303599999999994	8.9299499999999998	7.1760350000000006	4.3110599999999994	2.3762500000000006	1.1024449999999999	4.0672750000000004	-1.9308299999999998	8.1311999999999998	18.834400000000002	22.446899999999999	20.419699999999999	14.697600000000000	16.187400000000004	27.437399999999997	34.883250000000004	34.366399999999999	32.856150000000000	38.108400000000003	46.814949999999996	59.412649999999999	68.041500000000013	43.468499999999992
22.625000000000000	10.826650000000001	7.0002999999999993	6.3148949999999999	7.5803899999999995	7.5827949999999991	11.394650000000000	6.0183249999999990	3.9927100000000006	1.3309400000000002	0.17301850000000008	-0.99836300000000000	6.6707099999999997	7.6570300000000007	8.4848999999999997	18.010550000000002	27.438150000000000	24.959849999999999	18.090299999999999	20.212849999999996	21.118250000000003	29.302299999999995	28.109000000000002	31.781300000000002	37.267449999999997	45.764300000000006	47.450850000000003	53.516100000000009	34.672449999999998
22.375000000000000	7.7985500000000005	5.8890549999999999	5.9008399999999996	7.9174450000000007	16.168450000000000	7.3269500000000001	11.480450000000001	5.6239700000000008	4.4269799999999995	4.7488149999999996	8.1324149999999999	9.5983499999999999	10.843350000000001	9.0819500000000009	25.806699999999999	30.406250000000000	25.433950000000003	17.657000000000000	18.770299999999999	20.062750000000001	22.277850000000001	25.087799999999998	28.449350000000003	32.021850000000001	47.648750000000007	53.976599999999998	52.351200000000006	33.711400000000005
22.125000000000000	6.9932750000000006	7.3062649999999989	10.096500000000002	17.454300000000003	12.440350000000000	8.6046000000000014	5.9890500000000007	16.505049999999997	17.372450000000001	18.935150000000000	13.861300000000000	13.724450000000001	9.9138500000000001	9.0780499999999993	18.524000000000001	22.026750000000000	21.242200000000000	-999.00000000000000	-999.00000000000000	18.316599999999998	19.937349999999995	23.967700000000001	29.085549999999998	32.898700000000005	44.035049999999998	52.521899999999995	52.416699999999992	30.171200000000006
21.875000000000000	12.625999999999999	17.707400000000000	18.234750000000002	20.203399999999998	14.619750000000000	5.5602999999999989	18.168500000000002	16.731949999999998	18.805050000000001	13.871350000000000	12.317550000000001	15.084050000000000	26.831299999999999	22.757500000000000	15.844749999999998	-999.00000000000000	-999.00000000000000	-999.00000000000000	-999.00000000000000	16.841699999999996	21.689700000000002	22.027749999999997	26.392399999999999	29.704949999999997	39.771400000000000	53.496750000000006	55.234049999999996	27.500050000000002
21.625000000000000	11.221950000000000	11.507300000000001	19.108100000000000	-999.00000000000000	6.6797350000000009	17.044800000000002	13.598599999999999	8.6847500000000011	14.890700000000001	-999.00000000000000	-999.00000000000000	-999.00000000000000	-999.00000000000000	-999.00000000000000	-999.00000000000000	-999.00000000000000	-999.00000000000000	-999.00000000000000	-999.00000000000000	22.580050000000000	22.443550000000002	20.451699999999999	22.808550000000004	26.378000000000000	34.524450000000002	47.270049999999998	64.900550000000010	36.494600000000005
21.375000000000000	-999.00000000000000	-999.00000000000000	-999.00000000000000	-999.00000000000000	-999.00000000000000	-999.00000000000000	-999.00000000000000	-999.00000000000000	-999.00000000000000	-999.00000000000000	-999.00000000000000	-999.00000000000000	-999.00000000000000	-999.00000000000000	-999.00000000000000	-999.00000000000000	-999.00000000000000	-999.00000000000000	-999.00000000000000	-999.00000000000000	22.344750000000001	20.956450000000004	19.291999999999998	21.448350000000005	24.327999999999996	32.727300000000000	41.392499999999998	45.871449999999996
21.125000000000000	-999.00000000000000	-999.00000000000000	-999.00000000000000	-999.00000000000000	-999.00000000000000	-999.00000000000000	-999.00000000000000	-999.00000000000000	-999.00000000000000	-999.00000000000000	-999.00000000000000	-999.00000000000000	-999.00000000000000	-999.00000000000000	-999.00000000000000	-999.00000000000000	-999.00000000000000	-999.00000000000000	-999.00000000000000	-999.00000000000000	19.946849999999998	11.983700000000001	9.4752499999999991	11.195900000000000	16.519550000000002	27.501150000000003	33.500450000000001	46.252799999999993
20.875000000000000	-999.00000000000000	-999.00000000000000	-999.00000000000000	-999.00000000000000	-999.00000000000000	-999.00000000000000	-999.00000000000000	-999.00000000000000	-999.00000000000000	-999.00000000000000	-999.00000000000000	-999.00000000000000	-999.00000000000000	-999.00000000000000	-999.00000000000000	-999.00000000000000	-999.00000000000000	-999.00000000000000	-999.00000000000000	-999.00000000000000	-999.00000000000000	10.707899999999999	14.660850000000000	10.635950000000001	15.082050000000002	19.739150000000002	26.519349999999999	32.662150000000004
20.625000000000000	-999.00000000000000	-999.00000000000000	-999.00000000000000	-999.00000000000000	-999.00000000000000	-999.00000000000000	-999.00000000000000	-999.00000000000000	-999.00000000000000	-999.00000000000000	-999.00000000000000	-999.00000000000000	-999.00000000000000	-999.00000000000000	-999.00000000000000	-999.00000000000000	-999.00000000000000	-999.00000000000000	-999.00000000000000	-999.00000000000000	-999.00000000000000	9.4214500000000001	15.785300000000001	13.470250000000000	8.4724500000000020	18.282350000000001	25.497399999999999	31.893899999999999
20.375000000000000	-999.00000000000000	-999.00000000000000	-999.00000000000000	-999.00000000000000	-999.00000000000000	-999.00000000000000	-999.00000000000000	-999.00000000000000	-999.00000000000000	-999.00000000000000	-999.00000000000000	-999.00000000000000	-999.00000000000000	-999.00000000000000	-999.00000000000000	-999.00000000000000	-999.00000000000000	-999.00000000000000	-999.00000000000000	-999.00000000000000	-999.00000000000000	-999.00000000000000	10.278050000000000	8.1950700000000012	6.6017999999999999	14.280249999999999	19.341200000000001	26.987250000000000
20.125000000000000	-999.00000000000000	-999.00000000000000	-999.00000000000000	-999.00000000000000	-999.00000000000000	-999.00000000000000	-999.00000000000000	-999.00000000000000	-999.00000000000000	-999.00000000000000	-999.00000000000000	-999.00000000000000	-999.00000000000000	-999.00000000000000	-999.00000000000000	-999.00000000000000	-999.00000000000000	-999.00000000000000	-999.00000000000000	-999.00000000000000	-999.00000000000000	-999.00000000000000	-999.00000000000000	7.0977600000000010	9.9309000000000012	12.380250000000000	18.620849999999997	24.049399999999999
