xmlns:cpt=http://iri.columbia.edu/CPT/v10/
cpt:ncats=3
cpt:field=prcp, cpt:C=1, cpt:clim_prob=0.33333333333300003, cpt:T=2019-06/09, cpt:nrow=32, cpt:ncol=28, cpt:row=Y, cpt:col=X, cpt:units=probability (%), cpt:missing=-1.0000000000000000              
	87.125000000000000	87.375000000000000	87.625000000000000	87.875000000000000	88.125000000000000	88.375000000000000	88.625000000000000	88.875000000000000	89.125000000000000	89.375000000000000	89.625000000000000	89.875000000000000	90.125000000000000	90.375000000000000	90.625000000000000	90.875000000000000	91.125000000000000	91.375000000000000	91.625000000000000	91.875000000000000	92.125000000000000	92.375000000000000	92.625000000000000	92.875000000000000	93.125000000000000	93.375000000000000	93.625000000000000	93.875000000000000
27.875000000000000	41.177844333903224	41.549454647025861	42.077851692026513	43.027021958270197	43.200596874277551	41.681832370754293	41.364013587225358	41.096772560504526	40.744503373347484	40.188014070008073	40.021597460630410	39.591791476668739	38.479890354572298	39.425497541987362	39.101287936662963	39.418960111644829	37.760011020886331	37.998719964194308	37.542327134852215	37.880802835917883	38.640462813187270	37.848626957948269	38.856550439751402	40.394328116864720	41.218674129184826	40.638016734196405	41.188790262768627	41.649956309281144
27.625000000000000	42.214737043720433	42.976769398908331	42.775899783853319	43.310943529355363	43.276617447277978	42.807158094248500	41.467608471921061	41.071980591901337	39.967776724619512	39.887036899446905	40.257831102973974	39.086180150482200	38.538460061248216	38.767000787496976	38.106259028364555	37.400731527979801	39.194981767475809	38.402214719595150	38.521086806608082	39.403887304856042	40.762934871875430	39.347919785492991	40.352041187962271	40.994054397188329	40.682687230925275	41.366824883568086	41.620376770037090	40.761108184140738
27.375000000000000	42.393645493810617	42.779248204442766	43.514454647361475	43.382655736583885	43.582510547918417	43.032646017055185	41.846196724756894	41.218838829093073	41.161149919464513	41.117639849694029	41.590013586668718	40.895032789139115	40.764648561378735	41.108688599419906	39.223990214971685	38.705421239446849	39.909783428641113	40.536224974992138	39.611913870097972	40.694640361054809	41.757622142225756	41.536066016667185	41.299878161027614	42.184751000042965	42.296269776509355	41.761640160082301	41.964143268433340	41.343797981076705
27.125000000000000	42.935006172564414	43.228796979322638	43.632062025090733	43.509115251250442	43.165972248922621	43.122989110121978	43.373044421351196	43.582784090932016	43.580470816015634	42.406970631059359	42.338062302276015	41.903191482779704	42.279383716748619	43.109603009570783	42.135479475227534	41.463391271331915	42.115315243001206	42.339905149945459	40.316513009604819	41.519777597322928	42.192155932112982	42.564840670287396	43.092567667678317	43.794668952999515	44.253822603500424	43.446287343853271	41.888015430250356	42.815226071154775
26.875000000000000	42.894686895307629	43.900957969570150	44.076998374180143	44.226708230980513	44.248782895390157	43.856849804031349	44.491380367814834	43.954718383748649	43.672947349050602	43.694227490384229	43.279032474446801	42.959851260955695	42.555000858615756	42.124977917260239	42.173283569711927	41.627431149221430	43.111340134119338	42.901131260939394	41.801598469068900	42.755109865353916	43.482387991967805	44.084991267989658	45.066184050389758	45.334016569420811	44.853942007638445	43.213478577159051	42.139170127889216	43.060090980435191
26.625000000000000	43.683391437980276	44.851949531020871	44.577867038543253	44.559112540181658	44.676828724567976	44.462339770556980	44.764829009313445	44.617500121885257	44.501252175224160	44.295727087338044	44.051506549414739	43.606298060851742	43.333469302074604	42.818115508932088	41.983148108437888	41.227361217043622	41.962081644246105	42.269855322692429	43.762230885733963	43.325065085074378	43.683590187022780	45.489121908517305	44.602788042912408	45.096354122268046	44.538537122919863	43.573115077107552	44.025075400591248	43.965045194869681
26.375000000000000	43.505291745699836	44.266142243435866	44.955223220741523	45.059463054220259	45.336907099652194	44.779597367305037	44.058430027576165	44.305610453834213	44.030344400116952	43.450471820914238	43.780631280719909	42.235213492161435	41.697602793302636	40.857638988523014	40.821369567773694	40.182422570766910	40.932467851781020	42.498617967272835	43.557923531002565	43.759744937728982	44.673087516558496	45.462220083505670	45.221645162917625	44.186759632521166	43.127190420602581	43.082228275123768	43.043797422994309	44.989467084312182
26.125000000000000	43.354811196627629	44.607159991747245	44.507998107841559	44.155150681334298	45.200915674123152	45.139599711111877	44.277035373429264	43.039714921243522	42.815300906122424	42.699702230548475	41.576240228582797	40.625095883199691	40.625135151550836	39.601524465330115	39.492570765241929	39.199195269386891	40.775118487784013	40.955836866798464	40.915602749061023	42.131136959983138	45.148359766642265	44.858208495036834	44.473296026188372	43.394980273545805	43.358911678000666	43.451113943145579	43.860824182727789	44.828048100958299
25.875000000000000	42.856135483332899	43.457016167257457	44.164682726863212	45.267622496652990	45.295831528818788	45.099703223033380	43.278820270482463	42.585491540051649	42.123246747139099	41.556042637674295	40.938402709513120	39.388257963894901	39.239372643847737	38.076456592852814	38.335906494953484	39.620413194884151	39.926211568352478	39.765417578976212	41.283181606202149	41.787362815709841	43.121771292331815	44.559400008903125	43.428402127085533	43.099717457907083	42.367553136954882	42.597589239424138	43.609632474855594	44.108071562134612
25.625000000000000	42.176733172212025	42.819978144519965	44.050902727830433	44.789971262061727	44.461993171258698	44.038073695004208	42.499515841606275	41.940351399793883	40.959993348578273	40.411271862215692	40.061150358517473	38.812734075045618	38.447337087955177	38.322702126883534	39.702910499817044	41.119569338144672	41.051351157002067	39.948814693940740	39.468674809961392	39.075462645481032	41.875533783291708	41.896268832391485	41.850174416562879	42.030865135160489	42.047906491334587	43.784814713368817	44.619298328804135	44.766523783373891
25.375000000000000	42.364473167772296	43.656741175214343	44.278789683356081	43.859115308189047	43.106466707348744	42.323188753680995	42.443139612335457	40.935029630117683	40.247679296919372	39.928990871179536	39.417676134735103	38.926480586072373	40.198021543178129	40.831537500963968	41.178080059667799	41.007634475175948	40.349503518499361	40.779016032846492	40.329984415752484	40.332126802460166	39.191225189572187	39.927010441013458	40.387125544072532	40.068912156264936	43.055864444947886	43.785874681052995	44.468092332628515	45.169473343259270
25.125000000000000	42.053593186506397	42.473702977225301	43.272798497250434	43.193228534574246	41.545903154329210	41.258243091261491	41.671282598323579	41.265885580806014	40.214027717527237	39.665675277642990	39.330722717783949	39.055674670903670	40.457754173710050	41.193119826698890	41.570340072172904	41.009048930036165	41.990551289498512	41.657691526199159	41.234733013591054	40.217694042926368	40.748920890587669	40.744319092221339	41.439959170116190	41.226862170106941	42.266967110416132	43.425967281243196	44.377172148984911	44.659167691240278
24.875000000000000	39.391952076721658	41.171801174926195	41.747657964563309	41.988610282992234	40.871073362167174	40.088287366407570	39.522775777923826	38.625467062114140	39.325069999949989	39.430719021637131	38.953745622802003	38.341910479380346	38.976057136357802	38.281453601616569	39.468903042699147	40.824615305180878	41.091778760025910	40.371221740831395	39.456851763474802	39.642262255959501	40.504559895693696	40.685514413764338	41.533171375238219	42.448810903919700	42.302441719435755	42.653319323646976	42.914436411464429	43.439949159728755
24.625000000000000	37.459532705066003	38.211481273905498	38.717514987755244	39.021274641139257	38.698361416948892	38.072156723634407	38.253700238055174	38.328570900813361	37.800287300486680	37.474321115011435	37.512676207647402	38.219661510808578	36.807280582019388	36.913566611168690	37.335471827133468	36.377902724306210	37.747302821401149	38.185764284447963	38.996876273469930	38.248415027260727	39.500369035696224	39.990848045145569	41.887014597169440	42.562267926235819	42.259490354655895	41.498676258975095	42.530756754373478	42.401068111206541
24.375000000000000	35.985306299129377	36.525531836201729	37.208022648365791	37.262336010235565	36.745562691436248	36.500811960907328	37.270862201036373	37.565577190627941	36.573075075899574	36.935309786182913	36.788906050682236	36.400489690011725	36.080702497387861	37.018728153818678	35.362609905703252	35.531304524381824	36.420668088155359	37.537095848413394	36.160645175782413	37.929544885283818	38.566520158169396	39.126093080567593	40.741540347043184	41.393972664672397	41.384198997574998	40.675909314760617	42.449696479021327	42.892203798524385
24.125000000000000	32.809244465300850	33.186959474161569	35.282824066642505	34.707353012487857	33.953379670317602	36.017953924447497	36.003889860248584	36.466800065432324	35.927445186230869	35.766738397503616	34.275719189295771	35.407859653996070	36.424016671286033	36.040024956713438	35.052318095570101	34.959890440903663	35.855904102872728	35.461323102689718	35.735021766059731	36.643980427181532	36.868967835654274	38.370036452559688	39.789707000581529	39.314606590850197	38.962567725914653	39.965785214163787	42.748010691766105	42.180881458173481
23.875000000000000	31.600410223184156	29.694671541731907	29.974612865430885	31.537917983821856	34.572184047927593	34.314729739119315	33.810266683091854	33.535879580294292	33.246289854393069	34.771486207977276	34.107541607333275	34.457387708201750	34.958082681640221	35.872280988088534	35.786630561592730	35.831146165824080	35.862701209918839	35.849276727545259	36.601596085776023	36.798699118353163	36.939926816762124	35.622231307679158	36.015906188701898	36.562307133556139	37.500610868271387	39.251439456304652	41.530747144443033	41.746220310923967
23.625000000000000	30.359605869378427	28.760025449082207	30.065188237895029	32.402161977502459	33.663055163431295	33.243066773234673	32.888708971392646	31.532284629460321	30.285749832961926	31.646675459394658	33.136717834079676	33.905840075069889	35.605913515854780	35.972104968507082	36.141943098702512	36.592621763472621	36.651288995363885	37.184077224985458	36.903127971829704	37.572370258491674	37.252701267190844	35.266247504549185	35.205322341231664	35.178012069984632	37.308100650111811	39.438622934083092	40.828399239885549	40.339496821467804
23.375000000000000	28.130354774466284	28.255082718565419	30.195605321455773	31.384272836549471	31.810322683486220	32.009340118952153	30.564024969906541	29.586420399720254	29.513554218695262	30.293353882230008	31.214218046190240	33.961338706507064	35.302686867856622	35.308722560853539	35.751485888671624	35.817017061845974	37.641221559957636	37.927766616501977	38.092305852539134	36.523150258080861	35.512389122792527	35.967311760395518	34.444893977465156	35.656862273747123	37.446240599238237	38.867231487831113	39.153046461813709	37.534954976960520
23.125000000000000	27.707087558227698	27.849798326906964	29.289078369294117	30.312594453063113	29.346244040571605	29.520463868496648	28.273966972967315	29.444064207064102	29.306755722579553	30.664125670647778	30.078254228960049	34.022195110681494	36.075455282318217	36.074241312390399	36.599729866839340	36.741642678340391	37.539496640224023	36.317378278547238	37.441617866458920	35.867166993052919	35.535536344281837	35.630062689656398	35.592037025114038	36.341019931462391	37.950265277373894	39.010746861959610	37.448440279145515	38.284580760915546
22.875000000000000	25.410813840525563	26.133681143419977	26.461851748745730	28.392415554286217	29.215906086764903	28.009649131954731	28.519727859407880	29.528169529047574	30.208342493948280	29.637113589130635	30.511021188745687	32.095157083704080	35.201263219319117	36.156749595558345	36.977362677540128	36.877388469756170	35.603783895611258	35.466009016620760	36.882314401027671	35.897551017111141	35.929284507393504	37.602664977087954	38.133818483572647	38.311134474144851	39.180710597316569	39.545041425152249	39.742142179333698	36.090114611587879
22.625000000000000	25.691680702757438	24.781443563623469	25.708726774383209	27.050806711309306	27.465967873479599	27.211091609031101	28.356841054921730	31.358337739560454	30.927094604587026	29.762292511828917	30.520578698078424	31.576898323205853	34.351600416756881	35.988013235582585	36.991621966706113	36.412229369722859	35.901637225826022	35.733889550252826	36.587807907687889	35.998056647765750	37.065414094415360	37.976936437122319	38.857946647807530	37.661189574218788	39.640709817878658	40.339051231343859	39.865318818514936	36.674621734783827
22.375000000000000	25.245263661111679	24.552754625314748	24.877289808335348	25.292604133956971	26.299141183204952	25.873651225969382	28.338444875498254	28.878266150257062	29.409576248782685	29.529497267241595	31.111237447906475	32.967127238449081	34.698807067518629	35.831267516004033	36.339106036974222	35.256297992736634	36.199285676679018	35.696969714830004	34.378660860272575	37.604253528882701	37.162746526083666	36.221635952635431	37.079415126357794	38.371280107181896	38.235327743948709	39.496097692544495	37.821457971763252	37.180073804216576
22.125000000000000	23.177518908107203	24.205230678443684	22.865109848273050	24.671059402351105	25.955119092376805	28.187500228185897	29.716592098748379	29.770859072472348	28.449158155664577	30.193344801801203	31.680388673792621	32.967876438066824	34.500781997613643	36.100837035384089	36.590195188450615	34.852810686345094	35.212900996805786	-1.0000000000000000	-1.0000000000000000	36.735059361319955	36.707773873410034	36.434420101361354	36.382820882817299	37.807953572566163	38.658052941666362	39.885627348546102	37.763297525893947	36.445944387911247
21.875000000000000	23.631847134760136	22.279759946260697	23.517292537993882	25.310336284646766	26.726261726540145	27.497571005905669	29.132691035614855	28.590620121548980	28.769146658028319	30.478463390228413	32.051710190394033	32.661476122801545	32.898830468316646	34.640229257851800	35.159302550339476	-1.0000000000000000	-1.0000000000000000	-1.0000000000000000	-1.0000000000000000	35.666638064705083	36.262307191515085	36.338971417589995	37.502399946654819	35.659245065008179	37.098624600856667	38.293885923393958	37.962331125924429	35.240128431526401
21.625000000000000	24.119751750347376	24.099104019642127	23.527904328239131	-1.0000000000000000	25.108264843494084	25.393263682602779	28.476877495960395	27.923565430768392	28.675188384576714	-1.0000000000000000	-1.0000000000000000	-1.0000000000000000	-1.0000000000000000	-1.0000000000000000	-1.0000000000000000	-1.0000000000000000	-1.0000000000000000	-1.0000000000000000	-1.0000000000000000	34.507196974440717	36.632818475793208	36.387674970860573	34.938185816253210	34.986754050387773	35.355253466597418	37.351222654959628	36.983819814910291	35.219932089460031
21.375000000000000	-1.0000000000000000	-1.0000000000000000	-1.0000000000000000	-1.0000000000000000	-1.0000000000000000	-1.0000000000000000	-1.0000000000000000	-1.0000000000000000	-1.0000000000000000	-1.0000000000000000	-1.0000000000000000	-1.0000000000000000	-1.0000000000000000	-1.0000000000000000	-1.0000000000000000	-1.0000000000000000	-1.0000000000000000	-1.0000000000000000	-1.0000000000000000	-1.0000000000000000	33.161187652961061	33.854507390162624	33.369602592568384	34.103417142435077	33.888226303844277	33.951951065366487	34.454182530907843	33.488944526139448
21.125000000000000	-1.0000000000000000	-1.0000000000000000	-1.0000000000000000	-1.0000000000000000	-1.0000000000000000	-1.0000000000000000	-1.0000000000000000	-1.0000000000000000	-1.0000000000000000	-1.0000000000000000	-1.0000000000000000	-1.0000000000000000	-1.0000000000000000	-1.0000000000000000	-1.0000000000000000	-1.0000000000000000	-1.0000000000000000	-1.0000000000000000	-1.0000000000000000	-1.0000000000000000	31.222088101536116	30.945193463499962	31.054481258226460	31.399420400523766	32.199756640258556	32.397832020078226	31.380639364496403	31.448141990643890
20.875000000000000	-1.0000000000000000	-1.0000000000000000	-1.0000000000000000	-1.0000000000000000	-1.0000000000000000	-1.0000000000000000	-1.0000000000000000	-1.0000000000000000	-1.0000000000000000	-1.0000000000000000	-1.0000000000000000	-1.0000000000000000	-1.0000000000000000	-1.0000000000000000	-1.0000000000000000	-1.0000000000000000	-1.0000000000000000	-1.0000000000000000	-1.0000000000000000	-1.0000000000000000	-1.0000000000000000	32.269058827344296	32.533179724281666	31.033944006138299	31.353444509721243	31.103687703938675	31.385430448967583	30.569605102225466
20.625000000000000	-1.0000000000000000	-1.0000000000000000	-1.0000000000000000	-1.0000000000000000	-1.0000000000000000	-1.0000000000000000	-1.0000000000000000	-1.0000000000000000	-1.0000000000000000	-1.0000000000000000	-1.0000000000000000	-1.0000000000000000	-1.0000000000000000	-1.0000000000000000	-1.0000000000000000	-1.0000000000000000	-1.0000000000000000	-1.0000000000000000	-1.0000000000000000	-1.0000000000000000	-1.0000000000000000	32.971718848524873	32.726043214211671	32.401218064701126	31.231852613594882	32.382432372086910	30.281606559862738	30.580528602350597
20.375000000000000	-1.0000000000000000	-1.0000000000000000	-1.0000000000000000	-1.0000000000000000	-1.0000000000000000	-1.0000000000000000	-1.0000000000000000	-1.0000000000000000	-1.0000000000000000	-1.0000000000000000	-1.0000000000000000	-1.0000000000000000	-1.0000000000000000	-1.0000000000000000	-1.0000000000000000	-1.0000000000000000	-1.0000000000000000	-1.0000000000000000	-1.0000000000000000	-1.0000000000000000	-1.0000000000000000	-1.0000000000000000	33.937209009279314	32.278384122222505	31.365823814683381	30.691421989616416	30.057986373599235	30.833128772407974
20.125000000000000	-1.0000000000000000	-1.0000000000000000	-1.0000000000000000	-1.0000000000000000	-1.0000000000000000	-1.0000000000000000	-1.0000000000000000	-1.0000000000000000	-1.0000000000000000	-1.0000000000000000	-1.0000000000000000	-1.0000000000000000	-1.0000000000000000	-1.0000000000000000	-1.0000000000000000	-1.0000000000000000	-1.0000000000000000	-1.0000000000000000	-1.0000000000000000	-1.0000000000000000	-1.0000000000000000	-1.0000000000000000	-1.0000000000000000	32.336272214010435	32.034596905147012	30.085685970061334	29.968199107856023	30.677479191005759
cpt:C=2, cpt:clim_prob=0.33333333333400000
	87.125000000000000	87.375000000000000	87.625000000000000	87.875000000000000	88.125000000000000	88.375000000000000	88.625000000000000	88.875000000000000	89.125000000000000	89.375000000000000	89.625000000000000	89.875000000000000	90.125000000000000	90.375000000000000	90.625000000000000	90.875000000000000	91.125000000000000	91.375000000000000	91.625000000000000	91.875000000000000	92.125000000000000	92.375000000000000	92.625000000000000	92.875000000000000	93.125000000000000	93.375000000000000	93.625000000000000	93.875000000000000
27.875000000000000	32.332163229559264	31.447712427896313	31.835945324224980	34.600812134272616	32.509211916981542	30.140752339654728	29.792143609466301	28.180842848432889	28.093519105864729	27.227149125842374	25.966753480699431	26.345430185012574	26.603254470981227	26.454856369732099	25.694023905186725	26.515152261012595	26.249715884104582	25.313950501377064	25.368001303998220	26.459545031815367	26.938877878784815	27.044421558879648	28.074231647978813	26.740504242970708	25.867872158041401	27.468311674834226	28.050397383834195	26.331867778660765
27.625000000000000	30.189842843734716	28.972555846490039	28.974652862147739	30.463902533014501	31.841447376643533	30.442929979097169	28.414628738905513	28.324751516089403	26.373501757172519	25.844196113553721	25.876923286089479	26.405272701141357	27.129021330237030	26.749980313700917	26.987909141465522	27.694741254079673	25.955256366055373	25.221262838315454	24.305985463430702	24.937081428195789	27.268558516330319	27.061156316217989	26.469539505617462	27.406623754220615	26.980955871887026	26.825669717669417	26.203073345837979	25.553333456210105
27.375000000000000	28.464672142525583	27.926769775156657	27.736744134511625	27.441398544827418	27.746146724305106	27.192884455918396	25.672004446559264	25.997696927822091	26.168901540569649	25.639972957242691	25.124025687900044	25.204983744861792	24.896425398283050	26.172303004883055	27.851088542756131	26.826884965759056	27.192037004898083	27.843317884911844	26.345975849037224	27.216253401215653	25.891667933174027	26.896258589560755	28.481678584929298	26.980262692110678	25.436782964786389	23.769429797369966	25.395618985908648	24.339240241631501
27.125000000000000	27.252986507322721	27.119776426074115	27.239385800042601	26.616160662946442	26.480805738323330	25.704243908453552	25.408385576868604	25.010598161478963	25.286303463759506	24.920923499519027	25.195473414417258	25.775073032046762	26.011729622893288	26.324195468937376	28.539867940484058	29.139786479260714	29.326614065188437	29.220497476468079	28.417391735045801	27.264929595309070	28.177535982181954	28.304717668523484	28.482374362253882	26.961652445565271	26.415720244473448	26.260949916472367	25.651497602046135	25.831035006599937
26.875000000000000	26.928258102342742	27.789184821450423	27.043257825929629	27.546574917976933	28.024397959767263	28.846963170081885	28.368498660369369	25.864261124822235	25.488609416742122	25.645390949494541	25.070446859675563	25.217539852257936	25.794453488477636	27.256607112248602	31.695759153363653	30.728748662964733	30.198282858322553	29.568573928197534	28.489367821506775	28.612118823185583	27.243949456695685	28.309327505162329	29.849593390608536	29.676930131390648	28.466658237360935	27.387638327672128	26.722235112446000	27.678435999772937
26.625000000000000	28.618431787709696	28.220735568779627	28.168503962217393	29.061611341051893	29.184755054397403	29.614862445970651	29.517328447949460	30.018797732021667	28.963367513728766	27.379190907723981	26.877852082561475	26.456103248355880	27.873562137055476	30.085613996675164	31.135622605527036	31.167243596751295	32.985867671656685	32.078830449054877	30.798129429863820	27.931940282588357	26.736910882736083	28.830567945693325	29.445914167133417	29.500722982180250	29.787714055942576	29.046942462534485	28.436878674088586	27.235054314974953
26.375000000000000	29.607258825963378	29.889751524919287	29.563664443621303	30.158957123839230	30.755225891638172	30.200563376956179	30.593329053471425	30.534298282428910	31.298627604895028	30.811628016749875	29.714278284228897	27.802673541114050	28.641804474282715	29.345490977200466	30.148846919854929	29.878272214230712	29.274713158457143	29.412830304263057	28.231265641885471	26.404171627320103	27.912578199745813	29.405444184246811	29.338046733499667	30.446884554300617	30.004685027476949	29.142182302100100	27.536313901100225	28.610136409202365
26.125000000000000	29.158676201750993	29.237981620296946	29.377480988553199	29.959358934860663	30.555952474227972	31.093346574678684	30.350078032793647	32.151703902766094	30.821190065718167	30.348157691165994	29.744553100819029	28.061729170123872	28.539026973126216	28.235419599332445	29.216334198501272	28.864771776574592	29.088521550265160	27.434686616669644	26.032420424784291	25.837107692972261	28.448785970461181	29.274999932580862	29.182746169367189	29.919732888313614	31.236579566121652	30.059241317965654	31.041575064269754	32.531617492416430
25.875000000000000	29.262687754349319	29.913300757627660	30.296746601149817	30.337155675200307	31.233500858212722	31.138671699685997	30.800879050672023	30.304171085099696	29.248889352583227	28.719972611161843	28.222633611894274	27.321043294434148	27.121936147906858	27.411543601398499	27.419002022469030	27.903081284424118	26.991283919364164	26.537294819039090	27.256297539919309	27.810101648526722	28.220161326355377	31.300765282565155	30.014197752311269	29.526355741579479	30.979015839334778	29.294690958451593	31.212475067617447	31.340454209369749
25.625000000000000	29.218905306243371	30.174769709980470	30.000790259930948	30.647762225055594	31.579396062488129	30.948616425561010	29.937157781235243	29.864377953915390	29.164182141609338	28.138134225376170	28.191665078146354	27.395038273190785	26.551521418321833	26.741059777357883	27.040122181496720	27.814870491163433	26.920388774638560	26.631176353564150	26.616259633140309	27.332522481020433	27.567853904579351	27.999518130220991	27.652700634089513	27.660980343878670	28.986325325451990	29.752888662461643	29.555342420404180	30.907866224442838
25.375000000000000	29.714913288203462	30.539845102509183	30.797008017481836	31.298916481744396	30.464471850591103	30.203828893854503	30.821192652209817	29.540860983006194	28.922436870113302	27.807625358951206	26.841543483501169	26.729948269854169	27.229543903441261	27.090084971205108	27.379432342003774	27.193118926179821	26.980770501373911	26.711913186397339	25.811630264334333	26.024926384027744	25.443949218328491	25.984160257909728	26.883809663974574	27.130991582917886	28.660309520044894	27.858389374305343	28.467291247056966	30.840622194263183
25.125000000000000	29.204051321694543	29.281652709012885	29.756390399773686	30.227553578314428	29.359320699855875	29.142868165606743	29.385680310139712	28.269422252987994	27.492120054425094	26.737836134084120	26.224244483612409	26.569385285484039	27.019229455462678	27.267491409200581	26.906211689941752	27.217906852718237	27.279245233527110	26.652448334014274	26.173921317294202	25.730137894791469	25.757212881327860	25.977678309330877	26.103116561904038	26.735481333342648	26.840483188038103	26.426658643407826	28.817185627394558	28.663795046622223
24.875000000000000	29.215070744623702	28.644986003222449	29.479429839498795	28.988067149278290	28.233898510464364	27.885037329825266	27.284997923765125	26.433268510098799	26.409087341682373	26.309887143315073	26.213806609917313	25.926656996349458	26.576248458648138	26.852300449750828	26.531362520793678	26.884579886051938	27.163286276515425	26.865747581878729	26.473730515722536	25.741239389832018	26.118561642008423	26.333091284434808	26.031634863127501	25.979065173751724	25.413653990349339	25.212631717318452	25.983157133197494	27.531722247915411
24.625000000000000	29.012772798399084	28.964518144602316	28.910262280363625	27.565036188438555	27.182785947768338	27.034918017303326	26.294129995426260	26.145681372322699	25.720046783835016	25.596788475196341	25.674109147026776	26.010264447270451	25.955780425679457	26.487360663690410	26.861449673823728	26.775092262100458	26.689692430455118	26.330913036928123	26.485458446528796	25.842213930778463	26.857353011462706	26.561310233307104	26.383529627455033	25.824084193138710	26.193512896367420	25.377218442794174	27.460067103959073	27.520568686123646
24.375000000000000	29.252211490710408	29.264929473549842	29.056158605521375	27.930190123045492	27.258966224342757	27.492516845497043	26.421122458482436	26.208876343823931	26.132654450700748	25.455957738423827	25.725596206506779	25.928180015141841	25.775151777316232	25.760958802376948	26.390732185550760	27.209649727939798	26.934000569262999	27.087557810815291	26.589765726064002	26.470136708524443	26.280435368306257	25.541405555730201	25.318839153849027	25.369087592398394	25.095386783771715	25.677700909220569	27.141727708563078	29.391933678758519
24.125000000000000	31.104230374628266	30.390370885834436	29.735663862191672	29.406116025280213	28.045243055544091	26.916227530304809	26.196519748317051	25.943942022929505	25.705850314246049	25.922080233322660	25.448711534420227	25.455970749035636	25.802799426692140	25.474649275118807	26.415080152339456	27.160582397140530	27.364202957409759	27.178750892876188	26.651683499756004	26.222404409133929	25.712225464555893	25.820478304544224	26.114774388604630	25.173211550106537	25.315488657131823	27.344623150029655	30.971396151789730	30.360804593754260
23.875000000000000	31.224871109524351	32.480872499346752	31.303142740247594	30.454185672171590	28.280808464140058	27.203516205214640	27.254265384137980	27.052526794772760	26.881432770526111	25.931676086565375	25.360014345181526	25.027800865388237	25.701524028685114	25.474018272048923	25.956620493169972	26.296772992915180	26.655961967397083	26.790102858624714	26.788565028139189	27.054827391945572	26.123904851548190	25.928841295161597	25.657698646192351	25.587084522893967	26.650795229959961	27.763362233398908	30.428207605222749	30.174794823455713
23.625000000000000	30.022498313560803	31.936655677984767	30.726398103296596	30.089624145765178	28.361210693493241	27.649800734314326	26.935502926965583	27.477022516484105	27.613147000593948	26.405528993295569	25.797258177317843	24.989192963955617	25.221141584310487	25.296236184301293	25.469704324009683	25.793529306147811	25.944356891018892	26.178763587948652	26.083735815202331	26.647781770025340	25.772257712574273	26.214052675841238	26.121170713654664	25.838437773443573	27.052453998351822	28.750590346608863	29.836200160788383	28.822643434150972
23.375000000000000	30.040619396514970	30.245849313664252	29.878173926791064	29.457361573937426	28.055742866843772	28.157434836299451	28.840063559243617	28.248520901068034	27.764063519749222	27.550561126799749	27.194190368371117	25.656677913462119	25.393128504797581	25.280953616619627	25.088805545675420	25.127119707929225	25.420326435659646	25.842774948817748	26.017365354942612	25.702283098400962	25.669708628464271	25.555589459297799	26.192019673106550	25.993255681683465	27.180783769093885	28.316053768760028	28.796207859170323	27.981142690390257
23.125000000000000	30.191948757643210	30.165837706106274	29.272250325125349	28.326582635940746	28.019867079231929	27.634007708356386	28.358539862713378	28.543251157582311	28.002889270061502	27.828561267899687	28.150393330393101	25.878712879299400	25.249424246741469	25.543438201536894	25.235695043456943	25.416081564318347	25.434963360120641	25.510801781182543	25.279107842717167	25.218427355742421	25.697635487360841	25.589492273125920	25.961845479528534	26.542458643510003	27.671767141052726	27.915915314522593	27.037365516486936	26.717537458299063
22.875000000000000	30.464381137987189	30.198199338441455	30.198614728981667	29.133396970078266	28.540034243304781	27.889226923456512	28.176978028856837	28.014038599586470	27.813610672728288	28.229274030333322	27.508028598313501	27.217078948312931	26.123909385579857	25.409140331455255	25.464265025402057	25.561501054428525	26.106758955257099	24.976220804619679	25.010371997044942	25.530910975656937	25.325512395270692	25.337398855597904	26.170968001124990	26.947383306661884	27.865037565600488	27.283931429827582	26.556073592026529	26.325842792553544
22.625000000000000	29.914252522807196	30.502793744553522	29.528358444094046	28.646516136714716	28.268212978242438	28.577099846686743	28.432608175335773	27.721872918068883	28.172313258441278	27.696055273222434	27.849307503070797	27.392383768765349	26.365431688931515	25.623791382797982	24.845764440630120	24.749396315253129	24.898434844723965	25.237453222635523	25.368395283137517	25.708755497835476	25.548886408961067	25.273071735240499	25.943233618005401	26.700622842339172	27.531298485576762	26.762078736477676	25.925110368575844	25.823409581320050
22.375000000000000	30.980841779313067	31.998518971467874	30.098729199539321	29.092149918285358	28.361627845441113	28.998871973850648	27.629352866047292	28.691816559948670	28.582487717345330	28.129130855560661	27.643113441452954	27.189453726673783	25.934168207304161	24.949785032845973	24.903260987790020	25.473557048441478	25.501934613463021	25.687598558974820	26.440650296236349	25.284904996144924	25.892663552497083	25.715136734428484	25.825760114861772	26.133102871732014	26.877781036797586	26.077699932390061	25.659625818324542	25.697630031417937
22.125000000000000	32.543246078365854	31.817564250597684	31.229030773695825	29.599271750226372	29.235166583365036	28.393029595379886	27.501577729914189	28.431719593058340	28.726803510744666	27.705640806345642	26.834825037185752	26.334674375114467	25.780647402049937	25.094224614197159	24.666305473171633	25.679141836892100	25.508844041042565	-1.0000000000000000	-1.0000000000000000	25.209808794783015	25.853912095855975	26.855250744774388	25.887468977727998	26.063223008731441	26.869080358167025	26.284288148222629	25.148687292710584	25.029422052003298
21.875000000000000	31.802397379818046	31.993330152190943	30.479638156218790	29.219090045159710	28.879548092887518	28.795148197047794	28.035324383491364	29.104770766270029	29.015704790394871	27.644560267587920	26.574091039456064	26.888543435634496	26.655667064279662	25.518052836175237	25.231046868517360	-1.0000000000000000	-1.0000000000000000	-1.0000000000000000	-1.0000000000000000	25.533340215836034	26.486742470696868	26.433819347639627	26.630448566443832	26.124082994701872	25.680279540346810	26.225127762548397	25.959209952000478	25.620786671787528
21.625000000000000	30.650280062389612	30.299015077279400	30.452212321121408	-1.0000000000000000	29.900080343992030	30.004829136750836	28.697755139229216	28.767741677532264	28.501714426386087	-1.0000000000000000	-1.0000000000000000	-1.0000000000000000	-1.0000000000000000	-1.0000000000000000	-1.0000000000000000	-1.0000000000000000	-1.0000000000000000	-1.0000000000000000	-1.0000000000000000	26.210365798177840	25.741004998895058	25.939685462283833	26.252789026465919	26.153965520606256	25.876914481687905	26.362517117266783	26.269061317639448	26.431301581525886
21.375000000000000	-1.0000000000000000	-1.0000000000000000	-1.0000000000000000	-1.0000000000000000	-1.0000000000000000	-1.0000000000000000	-1.0000000000000000	-1.0000000000000000	-1.0000000000000000	-1.0000000000000000	-1.0000000000000000	-1.0000000000000000	-1.0000000000000000	-1.0000000000000000	-1.0000000000000000	-1.0000000000000000	-1.0000000000000000	-1.0000000000000000	-1.0000000000000000	-1.0000000000000000	25.303581399855922	25.251448071317327	25.371537222488435	25.916217420782104	25.973863994980157	26.123296929975417	25.873542250081563	26.418634802211656
21.125000000000000	-1.0000000000000000	-1.0000000000000000	-1.0000000000000000	-1.0000000000000000	-1.0000000000000000	-1.0000000000000000	-1.0000000000000000	-1.0000000000000000	-1.0000000000000000	-1.0000000000000000	-1.0000000000000000	-1.0000000000000000	-1.0000000000000000	-1.0000000000000000	-1.0000000000000000	-1.0000000000000000	-1.0000000000000000	-1.0000000000000000	-1.0000000000000000	-1.0000000000000000	25.872224399081055	25.648202165628099	25.963158556996000	25.916823380234561	25.724684904298861	25.857077865048758	25.828591718445679	26.399540008076372
20.875000000000000	-1.0000000000000000	-1.0000000000000000	-1.0000000000000000	-1.0000000000000000	-1.0000000000000000	-1.0000000000000000	-1.0000000000000000	-1.0000000000000000	-1.0000000000000000	-1.0000000000000000	-1.0000000000000000	-1.0000000000000000	-1.0000000000000000	-1.0000000000000000	-1.0000000000000000	-1.0000000000000000	-1.0000000000000000	-1.0000000000000000	-1.0000000000000000	-1.0000000000000000	-1.0000000000000000	25.886831317022533	25.615101591770404	25.671073315406076	25.413621621291732	25.705418216202247	25.536601347011157	25.981755798885573
20.625000000000000	-1.0000000000000000	-1.0000000000000000	-1.0000000000000000	-1.0000000000000000	-1.0000000000000000	-1.0000000000000000	-1.0000000000000000	-1.0000000000000000	-1.0000000000000000	-1.0000000000000000	-1.0000000000000000	-1.0000000000000000	-1.0000000000000000	-1.0000000000000000	-1.0000000000000000	-1.0000000000000000	-1.0000000000000000	-1.0000000000000000	-1.0000000000000000	-1.0000000000000000	-1.0000000000000000	25.920522605652806	25.933816267595063	25.191247549849074	25.453917316719640	25.137690644362813	25.761460169412842	25.305417763660813
20.375000000000000	-1.0000000000000000	-1.0000000000000000	-1.0000000000000000	-1.0000000000000000	-1.0000000000000000	-1.0000000000000000	-1.0000000000000000	-1.0000000000000000	-1.0000000000000000	-1.0000000000000000	-1.0000000000000000	-1.0000000000000000	-1.0000000000000000	-1.0000000000000000	-1.0000000000000000	-1.0000000000000000	-1.0000000000000000	-1.0000000000000000	-1.0000000000000000	-1.0000000000000000	-1.0000000000000000	-1.0000000000000000	25.365705653217368	25.098968011772172	25.275854296240482	25.277949719717924	25.194460093864173	25.331547750413250
20.125000000000000	-1.0000000000000000	-1.0000000000000000	-1.0000000000000000	-1.0000000000000000	-1.0000000000000000	-1.0000000000000000	-1.0000000000000000	-1.0000000000000000	-1.0000000000000000	-1.0000000000000000	-1.0000000000000000	-1.0000000000000000	-1.0000000000000000	-1.0000000000000000	-1.0000000000000000	-1.0000000000000000	-1.0000000000000000	-1.0000000000000000	-1.0000000000000000	-1.0000000000000000	-1.0000000000000000	-1.0000000000000000	-1.0000000000000000	25.253341185282906	25.019020541786290	25.240979065260184	25.134790889290485	25.197686903621054
cpt:C=3, cpt:clim_prob=0.33333333333299997
	87.125000000000000	87.375000000000000	87.625000000000000	87.875000000000000	88.125000000000000	88.375000000000000	88.625000000000000	88.875000000000000	89.125000000000000	89.375000000000000	89.625000000000000	89.875000000000000	90.125000000000000	90.375000000000000	90.625000000000000	90.875000000000000	91.125000000000000	91.375000000000000	91.625000000000000	91.875000000000000	92.125000000000000	92.375000000000000	92.625000000000000	92.875000000000000	93.125000000000000	93.375000000000000	93.625000000000000	93.875000000000000
27.875000000000000	26.489992436537513	27.002832925077826	26.086202983748507	22.372165907457187	24.290191208740911	28.177415289590979	28.843842803308341	30.722384591062585	31.161977520787786	32.584836804149553	34.011649058670159	34.062778338318687	34.916855174446475	34.119646088280540	35.204688158150311	34.065887627342576	35.990273095009087	36.687329534428628	37.089671561149565	35.659652132266750	34.420659308027915	35.106951483172082	33.069217912269785	32.865167640164572	32.913453712773773	31.893671590969369	30.760812353397178	32.018175912058091
27.625000000000000	27.595420112544851	28.050674754601630	28.249447353998942	26.225153937630136	24.881935176078489	26.749911926654331	30.117762789173426	30.603267892009260	33.658721518207969	34.268766986999374	33.865245610936547	34.508547148376444	34.332518608514754	34.483018898802108	34.905831830169923	34.904527217940526	34.849761866468818	36.376522442089396	37.172927729961216	35.659031266948169	31.968506611794250	33.590923898289020	33.178419306420267	31.599321848591057	32.336356897187699	31.807505398762498	32.176549884124931	33.685558359649157
27.375000000000000	29.141682363663801	29.293982020400577	28.748801218126900	29.175945718588697	28.671342727776477	29.774469527026419	32.481798828683843	32.783464243084836	32.669948539965837	33.242387193063280	33.285960725431238	33.899983465999092	34.338926040338215	32.719008395697038	32.924921242272184	34.467693794794094	32.898179566460804	31.620457140096018	34.042110280864804	32.089106237729538	32.350709924600217	31.567675393772060	30.218443254043088	30.834986307846357	32.266947258704256	34.468930042547733	32.640237745658013	34.316961777291795
27.125000000000000	29.812007320112865	29.651426594603247	29.128552174866666	29.874724085803116	30.353222012754049	31.172766981424470	31.218570001780201	31.406617747589021	31.133225720224861	32.672105869421614	32.466464283306728	32.321735485173534	31.708886660358093	30.566201521491841	29.324652584288408	29.396822249407371	28.558070691810357	28.439597373586462	31.266095255349381	31.215292807368002	29.630308085705064	29.130441661189121	28.425057970067801	29.243678601435214	29.330457152026128	30.292762739674362	32.460486967703510	31.353738922245288
26.875000000000000	30.177055002349629	28.309857208979427	28.879743799890228	28.226716851042553	27.726819144842580	27.296187025886766	27.140120971815797	30.181020491429116	30.838443234207276	30.660381560121230	31.650520665877636	31.822608886786369	31.650545652906608	30.618414970491159	26.130957276924420	27.643820187813837	26.690377007558109	27.530294810863072	29.709033709424325	28.632771311460502	29.273662551336511	27.605681226848013	25.084222559001706	24.989053299188541	26.679399755000620	29.398883095168820	31.138594759664784	29.261473019791872
26.625000000000000	27.698176774310028	26.927314900199502	27.253628999239353	26.379276118766448	26.138416221034621	25.922797783472369	25.717842542737095	25.363702146093075	26.535380311047074	28.325082004937975	29.070641368023786	29.937598690792377	28.792968560869920	27.096270494392748	26.881229286035076	27.605395186205083	25.052050684097210	25.651314228252691	25.439639684402216	28.742994632337265	29.579498930241137	25.680310145789370	25.951297789954175	25.402922895551704	25.673748821137561	27.379942460357963	27.538045925320166	28.799900490155366
26.375000000000000	26.887449428336787	25.844106231644847	25.481112335637174	24.781579821940511	23.907867008709633	25.019839255738784	25.348240918952410	25.160091263736877	24.671027994988020	25.737900162335887	26.505090435051194	29.962112966724515	29.660592732414649	29.796870034276520	29.029783512371377	29.939305215002378	29.792818989761837	28.088551728464108	28.210810827111963	29.836083434950915	27.414334283695691	25.132335732247519	25.440308103582709	25.366355813178217	26.868124551920470	27.775589422776132	29.419888675905465	26.400396506485453
26.125000000000000	27.486512601621378	26.154858387955809	26.114520903605243	25.885490383805038	24.243131851648876	23.767053714209439	25.372886593777089	24.808581175990383	26.363509028159410	26.952140078285531	28.679206670598173	31.313174946676437	30.835837875322948	32.163055935337439	31.291095036256799	31.936032954038517	30.136359961950827	31.609476516531892	33.051976826154686	32.031755347044601	26.402854262896554	25.866791572382304	26.343957804444440	26.685286838140581	25.404508755877682	26.489644738888767	25.097600753002457	22.640334406625271
25.875000000000000	27.881176762317782	26.629683075114883	25.538570671986971	24.395221828146703	23.470667612968491	23.761625077280623	25.920300678845514	27.110337374848655	28.627863900277674	29.723984751163862	30.838963678592606	33.290698741670951	33.638691208245405	34.511999805748687	34.245091482577486	32.476505520691731	33.082504512283357	33.697287601984698	31.460520853878542	30.402535535763437	28.658067381312808	24.139834708531719	26.557400120603198	27.373926800513438	26.653431023710340	28.107719802124269	25.177892457526958	24.551474228495639
25.625000000000000	28.604361521544604	27.005252145499565	25.948307012238619	24.562266512882680	23.958610766253173	25.013309879434782	27.563326377158482	28.195270646290727	29.875824509812389	31.450593912408138	31.747184563336173	33.792227651763596	35.001141493722990	34.936238095758583	33.256967318686236	31.065560170691896	32.028260068359373	33.420008952495110	33.915065556898298	33.592014873498535	30.556612312128941	30.104213037387524	30.497124949347608	30.308154520960841	28.965768183213424	26.462296624169539	25.825359250791685	24.325609992183271
25.375000000000000	27.920613544024242	25.803413722276474	24.924202299162083	24.841968210066558	26.429061442060153	27.472982352464502	26.735667735454726	29.524109386876123	30.829883832967326	32.263383769869257	33.740780381763727	34.343571144073458	32.572434553380610	32.078377527830924	31.442487598328427	31.799246598644231	32.669725980126728	32.509070780756169	33.858385319913182	33.642946813512090	35.364825592099322	34.088829301076814	32.729064791952894	32.800096260817178	28.283826035007220	28.355735944641662	27.064616420314518	23.989904462477547
25.125000000000000	28.742355491799060	28.244644313761814	26.970811102975880	26.579217887111326	29.094776145814915	29.598888743131766	28.943037091536709	30.464692166205992	32.293852228047669	33.596488588272891	34.445032798603641	34.374940043612291	32.523016370827271	31.539388764100529	31.523448237885344	31.773044217245598	30.730203476974378	31.689860139786568	32.591345669114745	34.052168062282163	33.493866228084471	33.278002598447785	32.456924267979772	32.037656496550412	30.892549701545764	30.147374075348978	26.805642223620531	26.677037262137500
24.875000000000000	31.392977178654640	30.183212821851356	28.772912195937895	29.023322567729476	30.895028127368462	32.026675303767163	33.192226298311049	34.941264427787061	34.265842658367639	34.259393835047796	34.832447767280684	35.731432524270197	34.447694404994060	34.866245948632603	33.999734436507175	32.290804808767184	31.744934963458665	32.763030677289876	34.069417720802662	34.616498354208481	33.376878462297881	32.981394301800854	32.435193761634281	31.572123922328576	32.283904290214906	32.134048959034573	31.102406455338077	29.028328592355834
24.625000000000000	33.527694496534913	32.824000581492186	32.372222731881131	33.413689170422188	34.118852635282771	34.892925259062267	35.452169766518566	35.525747726863941	36.479665915678304	36.928890409792224	36.813214645325822	35.770074041920971	37.236938992301155	36.599072725140900	35.803078499042805	36.847005013593332	35.563004748143733	35.483322678623914	34.517665280001275	35.909371041960810	33.642277952841070	33.447841721547327	31.729455775375527	31.613647880625471	31.546996748976685	33.124105298230731	30.009176141667449	30.078363202669813
24.375000000000000	34.762482210160215	34.209538690248429	33.735818746112834	34.807473866718944	35.995471084220995	36.006671193595629	36.308015340481191	36.225546465548128	37.294270473399678	37.608732475393261	37.485497742810985	37.671330294846435	38.144145725295907	37.220313043804374	38.246657908745988	37.259045747678378	36.645331342581642	35.375346340771316	37.249589098153585	35.600318406191739	35.153044473524346	35.332501363702207	33.939620499107789	33.236939742929209	33.520414218653286	33.646389776018815	30.408575812415595	27.715862522717096
24.125000000000000	36.086525160070885	36.422669640003996	34.981512071165824	35.886530962231930	38.001377274138306	37.065818545247694	37.799590391434364	37.589257911638171	38.366704499523081	38.311181369173724	40.275569276284003	39.136169596968294	37.773183902021827	38.485325768167755	38.532601752090443	37.879527161955806	36.779892939717513	37.359926004434094	37.613294734184265	37.133615163684539	37.418806699789833	35.809485242896088	34.095518610813841	35.512181859043267	35.721943616953524	32.689591635806558	26.280593156444166	27.458313948072259
23.875000000000000	37.174718667291494	37.824455958921341	38.722244394321521	38.007896344006554	37.147007487932349	38.481754055666045	38.935467932770166	39.411593624932948	39.872277375080820	39.296837705457349	40.532444047485200	40.514811426410013	39.340393289674665	38.653700739862543	38.256748945237298	37.872080841260740	37.481336822684078	37.360620413830027	36.609838886084788	36.146473489701265	36.936168331689686	38.448927397159245	38.326395165105751	37.850608343549894	35.848593901768652	32.985198310296440	28.041045250334218	28.078984865620320
23.625000000000000	39.617895817060770	39.303318872933026	39.208413658808375	37.508213876732363	37.975734143075464	39.107132492451001	40.175788101641771	40.990692854055574	42.101103166444126	41.947795547309774	41.066023988602481	41.104966960974494	39.172944899834732	38.731658847191625	38.388352577287804	37.613848930379568	37.404354113617224	36.637159187065890	37.013136212967964	35.779847971482987	36.975041020234883	38.519699819609578	38.673506945113672	38.983550156571795	35.639445351536367	31.810786719308044	29.335400599326068	30.837859744381223
23.375000000000000	41.829025829018747	41.499067967770330	39.926220751753164	39.158365589513103	40.133934449670008	39.833225044748396	40.595911470849842	42.165058699211713	42.722382261555516	42.156084990970243	41.591591585438643	40.381983380030817	39.304184627345798	39.410323822526834	39.159708565652956	39.055863230224801	36.938452004382718	36.229458434680275	35.890328792518254	37.774566643518178	38.817902248743202	38.477098780306683	39.363086349428293	38.349882044569412	35.372975631667877	32.816714743408859	32.050745679015968	34.483902332649222
23.125000000000000	42.100963684129091	41.984363966986763	41.438671305580534	41.360822910996141	42.633888880196466	42.845528423146966	43.367493164319306	42.012684635353587	42.690355007358946	41.507313061452535	41.771352440646851	40.099092010019106	38.675120470940314	38.382320486072707	38.164575089703717	37.842275757341262	37.025539999655336	38.171819940270218	37.279274290823913	38.914405651204660	38.766828168357321	38.780445037217682	38.446117495357427	37.116521425027607	34.377967581573380	33.073337823517797	35.514194204367548	34.997881780785391
22.875000000000000	44.124805021487248	43.668119518138568	43.339533522272603	42.474187475635517	42.244059669930316	44.101123944588757	43.303294111735283	42.457791871365956	41.978046833323432	42.133612380536043	41.980950212940812	40.687763967982988	38.674827395101026	38.434110072986400	37.558372297057815	37.561110475815305	38.289457149131643	39.557770178759561	38.107313601927387	38.571538007231922	38.745203097335803	37.059936167314142	35.695213515302363	34.741482219193266	32.954251837082943	33.171027145020169	33.701784228639774	37.584042595858577
22.625000000000000	44.394066774435366	44.715762691823009	44.762914781522745	44.302677151975978	44.265819148277963	44.211808544282157	43.210550769742497	40.919789342370663	40.900592136971696	42.541652214948648	41.630113798850779	41.030717908028798	39.282967894311604	38.388195381619433	38.162613592663767	38.838374315024012	39.199927929450013	39.028657227111651	38.043796809174594	38.293187854398774	37.385699496623573	36.749991827637182	35.198819734187069	35.638187583442040	32.827991696544579	32.898870032178465	34.209570812909220	37.501968683896123
22.375000000000000	43.773894559575254	43.448726403217378	45.023980992125331	45.615245947757671	45.339230971353935	45.127476800179970	44.032202258454454	42.429917289794268	42.007936033871985	42.341371877197744	41.245649110640571	39.843419034877137	39.367024725177210	39.218947451149994	38.757632975235758	39.270144958821888	38.298779709857961	38.615431726195176	39.180688843491076	37.110841474972375	36.944589921419251	38.063227312936085	37.094824758780433	35.495617021086090	34.886891219253705	34.426202375065444	36.518916209912206	37.122296164365487
22.125000000000000	44.279235013526943	43.977205070958632	45.905859378031124	45.729668847422523	44.809714324258159	43.419470176434217	42.781830171337432	41.797421334469313	42.824038333590757	42.101014391853155	41.484786289021628	40.697449186818709	39.718570600336420	38.804938350418752	38.743499338377752	39.468047476762806	39.278254962151649	-1.0000000000000000	-1.0000000000000000	38.055131843897030	37.438314030733991	36.710329153864258	37.729710139454703	36.128823418702396	34.472866700166612	33.830084503231269	37.088015181395470	38.524633560085455
21.875000000000000	44.565755485421818	45.726909901548360	46.003069305787328	45.470573670193524	44.394190180572338	43.707280797046536	42.831984580893781	42.304609112180991	42.215148551576810	41.876976342183667	41.374198770149903	40.449980441563959	40.445502467403692	39.841717905972963	39.609650581143164	-1.0000000000000000	-1.0000000000000000	-1.0000000000000000	-1.0000000000000000	38.800021719458883	37.250950337788048	37.227209234770378	35.867151486901349	38.216671940289949	37.221095858796524	35.480986314057645	36.078458922075093	39.139084896686072
21.625000000000000	45.229968187263012	45.601880903078474	46.019883350639461	-1.0000000000000000	44.991654812513886	44.601907180646386	42.825367364810390	43.308692891699344	42.823097189037199	-1.0000000000000000	-1.0000000000000000	-1.0000000000000000	-1.0000000000000000	-1.0000000000000000	-1.0000000000000000	-1.0000000000000000	-1.0000000000000000	-1.0000000000000000	-1.0000000000000000	39.282437227381443	37.626176525311735	37.672639566855594	38.809025157280871	38.859280429005970	38.767832051714677	36.286260227773589	36.747118867450261	38.348766329014083
21.375000000000000	-1.0000000000000000	-1.0000000000000000	-1.0000000000000000	-1.0000000000000000	-1.0000000000000000	-1.0000000000000000	-1.0000000000000000	-1.0000000000000000	-1.0000000000000000	-1.0000000000000000	-1.0000000000000000	-1.0000000000000000	-1.0000000000000000	-1.0000000000000000	-1.0000000000000000	-1.0000000000000000	-1.0000000000000000	-1.0000000000000000	-1.0000000000000000	-1.0000000000000000	41.535230947183017	40.894044538520049	41.258860184943181	39.980365436782819	40.137909701175566	39.924752004658096	39.672275219010594	40.092420671648895
21.125000000000000	-1.0000000000000000	-1.0000000000000000	-1.0000000000000000	-1.0000000000000000	-1.0000000000000000	-1.0000000000000000	-1.0000000000000000	-1.0000000000000000	-1.0000000000000000	-1.0000000000000000	-1.0000000000000000	-1.0000000000000000	-1.0000000000000000	-1.0000000000000000	-1.0000000000000000	-1.0000000000000000	-1.0000000000000000	-1.0000000000000000	-1.0000000000000000	-1.0000000000000000	42.905687499382829	43.406604370871939	42.982360184777541	42.683756219241673	42.075558455442582	41.745090114873015	42.790768917057918	42.152318001279738
20.875000000000000	-1.0000000000000000	-1.0000000000000000	-1.0000000000000000	-1.0000000000000000	-1.0000000000000000	-1.0000000000000000	-1.0000000000000000	-1.0000000000000000	-1.0000000000000000	-1.0000000000000000	-1.0000000000000000	-1.0000000000000000	-1.0000000000000000	-1.0000000000000000	-1.0000000000000000	-1.0000000000000000	-1.0000000000000000	-1.0000000000000000	-1.0000000000000000	-1.0000000000000000	-1.0000000000000000	41.844109855633171	41.851718683947929	43.294982678455625	43.232933868987026	43.190894079859078	43.077968204021261	43.448639098888961
20.625000000000000	-1.0000000000000000	-1.0000000000000000	-1.0000000000000000	-1.0000000000000000	-1.0000000000000000	-1.0000000000000000	-1.0000000000000000	-1.0000000000000000	-1.0000000000000000	-1.0000000000000000	-1.0000000000000000	-1.0000000000000000	-1.0000000000000000	-1.0000000000000000	-1.0000000000000000	-1.0000000000000000	-1.0000000000000000	-1.0000000000000000	-1.0000000000000000	-1.0000000000000000	-1.0000000000000000	41.107758545822321	41.340140518193266	42.407534385449800	43.314230069685479	42.479876983550277	43.956933270724420	44.114053633988590
20.375000000000000	-1.0000000000000000	-1.0000000000000000	-1.0000000000000000	-1.0000000000000000	-1.0000000000000000	-1.0000000000000000	-1.0000000000000000	-1.0000000000000000	-1.0000000000000000	-1.0000000000000000	-1.0000000000000000	-1.0000000000000000	-1.0000000000000000	-1.0000000000000000	-1.0000000000000000	-1.0000000000000000	-1.0000000000000000	-1.0000000000000000	-1.0000000000000000	-1.0000000000000000	-1.0000000000000000	-1.0000000000000000	40.697085337503317	42.622647866005323	43.358321889076137	44.030628290665661	44.747553532536593	43.835323477178775
20.125000000000000	-1.0000000000000000	-1.0000000000000000	-1.0000000000000000	-1.0000000000000000	-1.0000000000000000	-1.0000000000000000	-1.0000000000000000	-1.0000000000000000	-1.0000000000000000	-1.0000000000000000	-1.0000000000000000	-1.0000000000000000	-1.0000000000000000	-1.0000000000000000	-1.0000000000000000	-1.0000000000000000	-1.0000000000000000	-1.0000000000000000	-1.0000000000000000	-1.0000000000000000	-1.0000000000000000	-1.0000000000000000	-1.0000000000000000	42.410386600706659	42.946382553066698	44.673334964678482	44.897010002853492	44.124833905373187
