xmlns:cpt=http://iri.columbia.edu/CPT/v10/
cpt:ncats=3
cpt:field=prcp, cpt:C=1, cpt:clim_prob=0.33333333333300003, cpt:T=2019-06/09, cpt:nrow=32, cpt:ncol=28, cpt:row=Y, cpt:col=X, cpt:units=probability (%), cpt:missing=-1.0000000000000000              
	87.125000000000000	87.375000000000000	87.625000000000000	87.875000000000000	88.125000000000000	88.375000000000000	88.625000000000000	88.875000000000000	89.125000000000000	89.375000000000000	89.625000000000000	89.875000000000000	90.125000000000000	90.375000000000000	90.625000000000000	90.875000000000000	91.125000000000000	91.375000000000000	91.625000000000000	91.875000000000000	92.125000000000000	92.375000000000000	92.625000000000000	92.875000000000000	93.125000000000000	93.375000000000000	93.625000000000000	93.875000000000000
27.875000000000000	65.357742669622922	64.379694200676596	68.420131692117991	74.380884599806706	77.819664129186393	72.333832849940563	72.484341456366792	73.078916957254293	70.272937038672652	67.146927465565085	65.348144031270891	64.104188577198698	59.825543609100151	60.171263760761050	56.394021743289088	57.759629663448578	51.095527613664558	47.791068557203140	44.531207506132795	47.791096597405101	52.136428928463765	49.993545264230342	54.096314772602810	60.718670954219995	64.149866555029121	64.042161745479433	63.458697843041051	63.087032751950467
27.625000000000000	64.984517571016895	65.734940139724799	66.653860550356498	69.626161468251098	73.554634414511227	71.960885015291197	67.439406485558379	69.013311966590706	66.019881442253080	64.688312022339801	66.724778560470995	63.893670968680624	60.308177415827238	55.505528817476232	50.058166158047939	49.938114137043165	52.988112553822020	48.031180721754254	45.743368256278458	49.294003120378264	58.227242102633120	52.639282650193067	57.799115074146535	61.816582721116347	63.059815440550622	61.754099746697960	63.572850020950902	60.637400799664661
27.375000000000000	61.151354595659591	61.438206672379096	65.567077526637576	66.364047654098727	69.735953472553177	69.619831406288938	65.927647457719559	64.917927772908683	64.628336765547630	62.457893652497958	64.287393435456295	63.915138213666353	64.967326617339637	62.383846622177316	55.411108898407477	50.944099818355006	51.723139948551122	52.358112318321034	44.101594529780428	50.564289599622448	54.849312112855344	58.264839427505386	60.328194117518578	61.479901181244919	63.873558370757458	61.239550554831922	65.214304564975407	62.243776823366971
27.125000000000000	59.929640765630658	60.703203072408527	65.025278114060342	67.216851418842651	67.789891386500770	68.559258081290523	71.340773375702526	73.106593687066862	71.104603510217714	67.241564306551197	65.816458582325851	63.487705179995629	63.107875334743120	65.599448516872528	61.082766180897700	55.325626025019290	55.089808120369518	56.282513480874982	45.775983650326268	48.654467678159087	53.693518608585514	59.073925547704128	69.130615051608572	69.343333379842136	70.774378020482231	68.243482093250805	65.381631902537620	71.260903846072040
26.875000000000000	60.048910796816457	64.477720103600888	66.729933333393888	71.169933428001670	72.185020885700112	74.430682378390003	77.411559240823550	73.678572960546987	72.582793370299711	68.911446345592879	66.239442022071302	66.419093365292113	64.386140451070290	62.158581476966276	64.341515214782618	58.367327856890618	62.193854574157250	58.195995021591798	54.211742794352560	58.605069514844423	61.795373551052045	66.988190243205864	73.015916505871019	75.820023273421967	74.660415670093514	71.200868808690956	69.272777410678430	73.114920783614025
26.625000000000000	68.510035900104356	72.363626506470268	75.344687950894212	76.335625238437302	77.353622877718522	76.273769739981191	77.363751875203221	78.684939126924974	76.007958811496451	73.993722947769712	72.028632902916442	73.428779434587369	72.153366538179057	67.544236000623272	61.080607600224582	59.174249903241872	63.620675589369526	62.867158253772701	64.462402479872679	61.154868092600701	64.172472103038018	73.112353927767231	73.597638997927149	75.198358636608731	72.422500193512121	73.333466127747144	77.806993935990349	75.436930374184357
26.375000000000000	71.667532271165015	75.998902277551764	78.951775934218020	79.135809566531037	78.316019638380439	76.102954309630633	73.687147505961207	75.314690139176506	76.490026541394741	73.500333650165942	73.960513710692339	67.509040637637042	63.118751215968935	58.409288860938844	55.049926375299222	51.705421140931676	52.924392429775345	58.637894133561787	62.420498083089072	58.506606467130162	66.712930415172053	71.053038176458713	71.277722996996658	69.611175737801346	62.376377202735327	64.319714694826445	66.348022014649331	80.554483779779218
26.125000000000000	71.364300747590647	74.466459841471362	76.009887512610788	76.360916380599221	78.526920411205168	79.242979857173154	77.761617564658664	76.131943032262086	72.463473835635966	68.501661960339689	65.666687627117142	58.435396203964778	53.762151736950507	48.351107822165353	48.135621172899334	47.944488798035565	53.389128710634338	48.136267417858072	44.702173940062110	48.791167421988412	65.317448988049136	66.045093352340047	63.917870194596063	62.379512914919069	63.175677077528199	62.752294250089300	69.880965944848626	77.163931609650604
25.875000000000000	70.457478123959064	73.592191778290754	75.881553426586635	79.457151708300017	79.156899718020753	79.549888243925494	73.335158708321060	69.891713866233957	65.087718099984016	59.009818105032082	55.282049458491599	45.435795615755104	42.035355968220387	38.619815134463394	39.304276566079643	44.956678823106635	41.802330056156464	38.353597024484351	43.962509758858346	47.029309905604514	53.001814828692574	62.917454208991003	59.038052976751210	58.181275695545061	57.460933391016191	55.868605581849017	64.476339808373552	66.517369708532073
25.625000000000000	68.076669149751183	72.912457218943487	75.816648718044291	77.288128403572998	77.203548001811669	75.186722509865064	67.436422965147983	65.389924629422040	60.362591251629965	54.859646163080797	53.068484597304341	44.034733369100529	37.749129175794472	38.031952936748951	43.767968318140895	46.547420870675069	44.749752829996581	37.592770249674260	35.514520277684895	35.696572301530864	46.413075066091189	47.759787945227750	46.843326498244778	48.442238572489238	52.499924229220838	61.133880974435783	66.080612916210583	68.630201544995501
25.375000000000000	70.450478996360985	74.293589850289365	76.283884895644448	75.823322788858292	71.936670904174960	70.120763622867130	68.993461575909294	60.770654307877095	55.721521917210936	52.930384802263909	50.709367503235384	46.267105020433142	47.508301367004371	48.052679167845739	48.618243803871344	47.174498826543186	44.283213307166783	43.589605058165489	38.149441149864629	39.862001217744734	33.411855920170382	36.010170733832368	36.587814998991689	36.362980873307137	54.671718300209584	57.016132926560594	60.794658642334760	67.515555430401776
25.125000000000000	69.265801769302954	69.160475012105209	71.982349087277328	72.418228477737472	64.137288618822737	62.792739706167069	65.802591004733898	60.917375618435329	55.014552696344424	52.595638624922195	47.568570797119470	44.856795796821068	48.069897097336380	47.606423161736309	48.251650208147254	48.145283504147173	50.393489321586202	46.248534189762339	43.444283903573421	37.587015890658918	39.611707070907933	38.566636664256215	39.262414712570568	39.260690720137717	45.949957977303178	51.935232202251122	61.922150606934110	65.820506360171535
24.875000000000000	60.031718100838496	63.276553705509109	64.990772628260032	64.157596580098271	59.242900866089045	57.927520529587810	53.782564053553450	45.920052797020205	49.715971236012770	47.930427893143325	43.763582861599950	39.711662909289224	41.733805277646965	37.456194861593438	39.888893849362702	45.554035739849809	46.564854142809352	40.964924809942360	36.914362778088950	35.876498226924397	37.961166495955823	38.376579128534836	42.264876443380132	45.231719397638990	44.897732334984440	47.636666883114344	51.376506613225672	60.960060662130743
24.625000000000000	50.733494015053985	51.611674468275382	53.992656441373732	53.120743231001896	52.251513065180930	47.100982744176399	44.641113477900483	43.389153183076715	40.235235721392158	37.940507396806126	37.453176941631305	39.058638512690948	33.125667326238400	33.543058366050431	34.394180863945877	28.766088703962254	32.401202219073738	30.655223470278727	32.378043616400973	28.777702492823323	34.801426814943511	35.167501860033752	41.305869854753098	45.417432661517907	45.658260545039141	40.506547878937880	53.441157299701430	57.694396917313611
24.375000000000000	46.257918679949682	47.416016682355469	48.822845406400106	46.947739455640850	43.926965996368082	41.573543214285522	41.424767063914224	41.847549356405153	36.047287981679801	37.414308478467738	35.903513192793127	33.819326595727645	30.850628494777069	34.166641977128279	26.822907365320361	26.274019330193937	26.535338810171567	28.853476901551844	22.630582613199806	27.581067343791943	28.463930968273914	28.381540460993548	34.896245711168206	40.652416448771625	40.554837571984081	37.988738390004784	50.719027147786250	63.990729949385766
24.125000000000000	39.980265939450341	39.839232520646675	45.548601538863224	42.249844340036255	38.336500312288791	41.495570192295460	36.819475548221433	37.571530319004928	33.582142175077735	32.848571574436562	28.324172020727104	29.189437004349600	31.827341264469979	29.923451081005780	26.293906732715783	24.208712184342971	25.614983269690413	22.941207961906485	21.950025088524399	22.491470358907165	22.099720711607446	27.035153590584287	34.314696429641472	31.718458545373252	30.476857012323137	39.824171406368038	57.723958628087843	63.197688035555593
23.875000000000000	37.678570588553463	34.008868308892758	33.416814443873747	36.298405178026584	40.625370407295506	35.710910265634553	32.902916527335123	29.560110375047415	28.243407914217357	29.388419497636747	26.433965717865533	25.638040273140561	27.654965809701395	29.137017656726101	29.552859527860846	26.458501343031529	24.680796970552194	23.242173404894729	24.537885628423737	26.041292674372855	23.467705876943612	20.129013732418017	20.997531455573835	22.924020418144451	28.153299705599650	39.318701053441750	55.136067281827266	60.516604507267211
23.625000000000000	27.475054745834697	30.419416623449777	33.475257256597587	37.917553009454565	36.508902414342018	31.538701444953205	28.050500083521541	23.279101996732209	19.716433564595235	19.770869847899945	22.198717571904012	23.374838440507688	28.501247905708965	29.528704782224537	29.665208066546001	29.643675410777576	25.914899247684929	27.196886927438612	25.826925645628364	27.130163626847946	24.487215920805937	20.740575245938203	20.361432671884288	19.433970783490267	28.129596605068599	40.958163371886826	51.940356813031016	52.683079162380039
23.375000000000000	22.796690613844433	24.957979220472708	30.118407012987760	32.416850895481545	30.416587508554727	28.758735149709636	25.693943064103863	20.308830971754915	17.311343822462931	18.780809270092917	20.089809136444686	25.556801990985335	29.471381123359052	28.326649294011403	27.871006926486359	26.156619078812952	29.112937871262673	29.934484631374247	29.950120434502765	24.009032190380367	21.559907896652206	20.848940085114137	17.582584997986544	20.330805033168744	28.506762681263183	37.999521188368156	42.882402629115290	39.077963036259291
23.125000000000000	19.897220946076729	21.198944673997147	25.079536962818310	26.100166684580941	19.498742568951172	20.358400041042941	18.544400998209724	20.089313316845320	15.898461852994998	18.931776228942127	17.973454542576832	25.580707608249071	30.466382250229927	29.468242722537667	30.714758801663621	30.556400714243210	31.741195987584874	25.895593620273843	26.943844866963687	21.009153409059991	21.467812316942073	20.874947057414659	19.813717319382903	23.433246392632782	31.444871336390364	37.436673109149233	32.750100834732663	35.659539131449833
22.875000000000000	15.938643046093574	17.262687424772764	19.556910586372268	22.277170718182717	22.094234954867744	16.543684223810331	17.490558362384860	17.680693348039881	19.549129494251360	18.821094225648665	18.084844491708012	22.034578991029804	29.217599121631139	29.730380239722791	32.307243013131838	31.832059099328092	27.146723621659390	23.005882355671162	24.655767067876155	22.082302069423847	21.492102857753110	25.387170536276500	29.250500240230963	30.123525974953935	35.617512686709588	35.992003250666954	38.406472917610600	29.241364529983954
22.625000000000000	15.721557260334677	14.730848095985976	15.061359659887756	16.263619073459196	17.377913936133567	15.851063285881423	16.380290839559407	23.655517507725008	22.744566857396435	18.810142898698516	20.071343245707098	22.128304834406194	27.037295383107434	30.029846489993034	30.972779513157690	29.209553688524721	27.375516301237738	25.250790862629088	25.255457578598765	23.225869609536147	25.094903808032569	26.636007637353615	31.050622270460721	27.664169840548581	36.938151994435373	39.184841491649451	36.353915825568706	27.327616566929009
22.375000000000000	17.788985725423998	17.692258233233915	15.070991131681126	13.298992656188659	14.032167757111267	13.667270463898262	13.655762017250524	17.252620811456836	19.708334733412286	19.637627741546993	21.404430446658125	23.731865842142611	25.596677328338686	27.983117662018529	30.021295023820187	27.820583558846025	30.245436621943782	25.515230673320559	20.986591181537733	26.454794766311522	25.564321894991338	21.350252235732142	24.617206922768034	28.673850935327664	28.592503136226071	33.552384456538036	29.291898475101192	27.113707060396635
22.125000000000000	15.441490596707766	17.530175191183119	13.872157821012905	12.642583479767680	13.685092621457855	16.845642766415395	18.407402377385978	19.704294961172678	18.519144408352645	21.513287335145350	20.872469412030583	23.508128542334362	26.202024984878364	31.114498043746238	32.170729996008447	29.436976248427143	30.324200539688121	-1.0000000000000000	-1.0000000000000000	24.345486887367613	25.292045563721217	24.735562567706026	22.122806241969116	25.695718595038031	29.395983175622902	33.982195254566179	25.723969796066470	22.451707939560720
21.875000000000000	15.848076734485645	14.165132208686046	12.353791083923880	14.047080231687602	14.713665490654066	16.246223174491462	18.281312738780358	18.216406548060192	19.681691977129546	21.428239297318527	22.981345668258484	24.153423760613450	24.083581022763383	28.772549596113436	28.285752647240471	-1.0000000000000000	-1.0000000000000000	-1.0000000000000000	-1.0000000000000000	22.901722796558772	25.221916473109147	24.357903146562307	27.227649378611133	21.041216222366756	24.778651588371204	30.015769144837904	28.564278190674273	20.981410363537933
21.625000000000000	15.387035179569381	13.960656606085834	12.214946372152951	-1.0000000000000000	12.639504649700214	13.330075641832224	18.046121803147770	16.861731091117520	18.428170566390406	-1.0000000000000000	-1.0000000000000000	-1.0000000000000000	-1.0000000000000000	-1.0000000000000000	-1.0000000000000000	-1.0000000000000000	-1.0000000000000000	-1.0000000000000000	-1.0000000000000000	23.024692037277177	27.602322119316980	25.867565979894380	21.203717561754246	22.147762805149426	23.969214790822988	30.820738144881147	29.727390967710448	25.183532910557702
21.375000000000000	-1.0000000000000000	-1.0000000000000000	-1.0000000000000000	-1.0000000000000000	-1.0000000000000000	-1.0000000000000000	-1.0000000000000000	-1.0000000000000000	-1.0000000000000000	-1.0000000000000000	-1.0000000000000000	-1.0000000000000000	-1.0000000000000000	-1.0000000000000000	-1.0000000000000000	-1.0000000000000000	-1.0000000000000000	-1.0000000000000000	-1.0000000000000000	-1.0000000000000000	22.396602473901467	21.732051703688995	16.992050760840570	19.210011924677346	19.625990189007382	21.513310074842011	22.938712982224331	21.014160182366865
21.125000000000000	-1.0000000000000000	-1.0000000000000000	-1.0000000000000000	-1.0000000000000000	-1.0000000000000000	-1.0000000000000000	-1.0000000000000000	-1.0000000000000000	-1.0000000000000000	-1.0000000000000000	-1.0000000000000000	-1.0000000000000000	-1.0000000000000000	-1.0000000000000000	-1.0000000000000000	-1.0000000000000000	-1.0000000000000000	-1.0000000000000000	-1.0000000000000000	-1.0000000000000000	19.385373194511828	15.718811156277525	13.198537055256708	12.997132340396135	13.567657734613789	15.704623915098324	15.253275498585751	14.615150562314199
20.875000000000000	-1.0000000000000000	-1.0000000000000000	-1.0000000000000000	-1.0000000000000000	-1.0000000000000000	-1.0000000000000000	-1.0000000000000000	-1.0000000000000000	-1.0000000000000000	-1.0000000000000000	-1.0000000000000000	-1.0000000000000000	-1.0000000000000000	-1.0000000000000000	-1.0000000000000000	-1.0000000000000000	-1.0000000000000000	-1.0000000000000000	-1.0000000000000000	-1.0000000000000000	-1.0000000000000000	19.555159132136595	16.502415268575348	12.576840635001759	11.930498404024831	11.601659356088263	13.260564191985452	12.423683742782160
20.625000000000000	-1.0000000000000000	-1.0000000000000000	-1.0000000000000000	-1.0000000000000000	-1.0000000000000000	-1.0000000000000000	-1.0000000000000000	-1.0000000000000000	-1.0000000000000000	-1.0000000000000000	-1.0000000000000000	-1.0000000000000000	-1.0000000000000000	-1.0000000000000000	-1.0000000000000000	-1.0000000000000000	-1.0000000000000000	-1.0000000000000000	-1.0000000000000000	-1.0000000000000000	-1.0000000000000000	20.771871635953403	19.067423040506327	16.140662016637052	11.967855330219223	13.120975027333998	11.704537874443361	11.593247745808739
20.375000000000000	-1.0000000000000000	-1.0000000000000000	-1.0000000000000000	-1.0000000000000000	-1.0000000000000000	-1.0000000000000000	-1.0000000000000000	-1.0000000000000000	-1.0000000000000000	-1.0000000000000000	-1.0000000000000000	-1.0000000000000000	-1.0000000000000000	-1.0000000000000000	-1.0000000000000000	-1.0000000000000000	-1.0000000000000000	-1.0000000000000000	-1.0000000000000000	-1.0000000000000000	-1.0000000000000000	-1.0000000000000000	22.084746223083428	15.049593005457524	12.681607046145047	11.377876362280432	9.9677014383085236	10.980335416333276
20.125000000000000	-1.0000000000000000	-1.0000000000000000	-1.0000000000000000	-1.0000000000000000	-1.0000000000000000	-1.0000000000000000	-1.0000000000000000	-1.0000000000000000	-1.0000000000000000	-1.0000000000000000	-1.0000000000000000	-1.0000000000000000	-1.0000000000000000	-1.0000000000000000	-1.0000000000000000	-1.0000000000000000	-1.0000000000000000	-1.0000000000000000	-1.0000000000000000	-1.0000000000000000	-1.0000000000000000	-1.0000000000000000	-1.0000000000000000	15.076980861934473	13.366658389257069	11.001846256205454	10.297708845909384	9.8631187093650254
cpt:C=2, cpt:clim_prob=0.33333333333400000
	87.125000000000000	87.375000000000000	87.625000000000000	87.875000000000000	88.125000000000000	88.375000000000000	88.625000000000000	88.875000000000000	89.125000000000000	89.375000000000000	89.625000000000000	89.875000000000000	90.125000000000000	90.375000000000000	90.625000000000000	90.875000000000000	91.125000000000000	91.375000000000000	91.625000000000000	91.875000000000000	92.125000000000000	92.375000000000000	92.625000000000000	92.875000000000000	93.125000000000000	93.375000000000000	93.625000000000000	93.875000000000000
27.875000000000000	22.739701370579525	22.916269199358762	21.280203858193261	18.491830190345098	16.841479756129623	19.595206066732636	19.596919490951048	19.739118694530731	21.576448148667801	22.895953347626502	23.361872378943147	23.407479388112602	24.827919415693344	24.619354156299298	25.672056057287236	25.549031973811157	26.998463964096480	27.524012589415666	28.325060719486075	28.037817995146860	27.099266836105325	28.064314360248115	27.631341234763973	25.137319656254430	23.370187256876008	23.206547066001278	23.907539954605539	23.998008267809482
27.625000000000000	22.109046703029627	21.699493939676490	21.402418279298743	19.996812308411840	18.580042520470265	19.320150251923863	21.432806838980632	21.487264318835962	22.672224453072474	22.891857072972357	22.654658361583053	23.501535933644611	24.519300625731489	26.324980383416399	27.853579208578054	27.191695113852173	26.670395662817914	27.574774664718923	27.955010632317091	27.558370678322085	26.107736080981983	27.920433706374425	25.734421521022803	24.592169207121859	23.584383559021052	24.174647975879310	23.768566395556718	24.887713682714566
27.375000000000000	23.020877597103294	22.832408469386927	21.079553812189946	20.837302045145620	19.560107172319928	19.493349330437375	21.272183629602438	22.762818435183888	22.885162498277484	23.176391122858711	22.709082719244769	23.222890633140118	23.248852420209925	24.042280047655836	27.012977921714810	28.006369456274335	27.714917979853730	27.600480469599322	29.373284836532576	28.522435335624529	27.707186571785563	26.354123437269436	25.478038907655709	24.860112436236477	24.086755220375501	24.819407316137841	23.848516480459836	24.923605395209051
27.125000000000000	23.173071540049634	22.781390262837533	21.206265619583807	20.452370397861696	20.323797897030033	20.072953302339627	19.119757368210308	18.618032487761724	19.575645632944649	21.363551693410137	21.833108401270831	22.755625042781979	23.599385328442679	22.668362935810922	24.910461446383664	27.342916369057452	26.771149772556509	26.577450470698679	29.385506394390653	28.644542449608991	27.975808800935219	26.629729205145921	22.736510005693571	22.038757300520501	21.363689644456411	22.520635226531375	24.486239575186890	21.345086352183046
26.875000000000000	23.295541444881692	21.499164281306754	20.682521983790380	18.813980988952444	18.395681368755874	17.623173459123009	16.413273564247262	18.325644116124128	18.533514593051901	20.120723199282804	21.305436076112290	21.238498863614737	22.251902697088013	22.981405074339854	22.835623767764538	25.349277270975914	24.486280060549234	26.130647630551440	27.857753961098553	25.973945592968491	25.474557544565407	23.141216084126469	19.697920751469077	18.242112757696880	18.933544590125045	20.832151683119136	22.149110387470664	20.401770798726773
26.625000000000000	20.454756321630541	18.493640803278602	17.461623902524945	17.010188863094822	16.270523786409946	16.960577207789370	16.637363911973996	16.003226411882839	17.273692942475979	17.879028714232945	18.904025517381584	18.680503914164149	19.565727827618517	21.864075386529880	24.589767297803377	25.391752748464651	24.029175628121443	24.574589699652652	23.811918998803613	26.237133287155608	24.611872117165589	19.866776222425887	19.812185714034637	18.888967050039021	20.281929356949760	20.436425522240022	17.987763756145107	18.962631180906222
26.375000000000000	19.569387843694159	17.483075223767720	15.888925375584439	15.780301874973132	16.097783651769927	17.558830404239707	18.903111051141000	17.980367427337008	17.565515885840568	19.372610775607718	19.138834338389213	22.773095615974206	24.785647305450368	26.090386544343421	27.545917619901928	27.974472694647289	27.767877886477951	26.208454473572033	25.331498224889884	26.407184866558083	23.300018050974508	20.571713687811936	20.505149738674156	21.530823126946856	25.038336891262958	24.637132165557357	24.002968994325489	15.975725897741329
26.125000000000000	20.236436441089502	18.246431572758169	17.526809880294195	17.630005566528581	15.996791991619727	15.916912171750315	17.017906049748618	18.344225511978010	20.535485854606137	22.348492949580489	24.365175494162560	27.306460002180355	29.748416996907626	30.633309760770256	31.038546626266836	31.555268612643093	28.404684219643453	29.038956885569448	30.082290941151200	28.875817293221498	22.935449957908119	22.840679811412016	23.394422723876470	24.646614245815794	24.928333995981212	24.630486721122189	22.199980360839046	18.476548472160871
25.875000000000000	20.668501721805946	19.082511651355155	17.923576221939072	15.901003208078823	16.144512675532866	16.043417844375831	19.598607275391181	22.034275756145316	24.119080995379679	26.551334435649082	28.141749017764884	31.435032637748773	31.621220600973167	32.085863071294703	32.780173813661328	32.091455194607605	30.414864577364163	30.297302220775443	29.527358882627354	29.038477200118489	27.363387590349863	24.416680467956667	25.594793786579050	25.960789682222202	27.420875237543711	27.968494347489973	25.162071442503866	23.872810635835322
25.625000000000000	21.925552838790225	19.779079453745762	18.034506763840898	17.273006387976082	17.525427941708799	18.631956729609566	22.996076685448628	24.329263126429655	26.747090689813152	28.365791486656637	29.265983888804808	32.155036397003983	31.240563271133215	30.940961891799294	30.609144729389286	29.316395186742209	29.225207139001242	29.561542603807581	30.367431551947568	30.800371020428621	28.157642625586551	28.009373444669240	28.008393592853757	28.756768045976749	28.533474786780950	25.460877951704163	23.680899731051063	22.361915035681058
25.375000000000000	20.551216163315239	18.672578428192519	17.626025763275621	18.069132787977260	20.466358205413645	21.662368534873252	22.346964629530390	26.751879574133184	28.883235103578464	29.275223480533992	29.818847921836287	30.749634231188761	29.986793074382348	29.341328166523038	27.815470451984513	27.587774674661549	28.326031168169049	28.798263998662865	28.876957355726191	28.971581940278131	28.540421461729927	29.040346723457631	28.527729989074373	29.735144379294582	27.453767444679634	26.114743119632251	24.567443336185633	22.583841587287758
25.125000000000000	20.882615176347958	21.094253171040346	20.023091590081371	20.107198835036286	24.594792529401559	24.967440722466812	23.956323267581475	26.412259849644435	28.479477104867669	28.789629001175037	29.577637197381755	30.287772219948625	29.252138904440002	28.468363469513086	27.586429555146697	27.602362847539204	26.567315463831076	27.806305477154684	28.392488613457111	29.651944079064783	28.703339436131756	28.478898410144787	27.910015746410039	28.502795581036978	28.624183221006174	27.569758016068548	25.228025929740330	23.108724259995448
24.875000000000000	24.528513103188637	23.366680231995737	23.434096317059677	24.426275673911196	26.582865581268013	27.028108340543572	28.241652492877215	29.935098018304874	29.137390105959852	29.249758569688634	29.967808782302928	30.066728475237639	29.745798981160291	29.571379145805544	28.826652897882781	28.131720715415337	27.494515260453472	29.215867513498495	29.828614731774969	29.393270665932533	29.091594061058885	29.379210055864853	28.715675239577941	27.621589794071795	27.918558548356945	28.715680381951564	28.544488194351473	25.608038729486360
24.625000000000000	26.755595916087508	27.414357187760711	27.352463268940493	27.776102324584652	28.128786518617517	29.592965902169475	29.974347342837124	30.208958724833114	30.296593242757744	30.232913291535588	30.185321316169933	30.303794069214749	29.827436848508988	29.614058270440374	29.017956157196437	28.971886967461238	29.148178463094879	28.942237113462511	28.953829748969468	28.808142992467289	29.311339313187041	29.180110137358611	27.703007873278690	26.953960230417003	27.753619056920993	28.944011744777093	28.029683162907336	27.275251959999284
24.375000000000000	28.208350770788126	28.146100845848711	28.951373909276779	29.281580197691252	29.734889487937334	30.354165808420817	30.214124331000033	29.957466438357585	30.282356720334384	30.107184747860622	29.900511380342934	29.705416301641442	29.677597416042403	29.438186355634400	28.342917471860105	27.807232377362133	27.804334821668384	28.180057503751158	27.846703136349149	28.559805575881214	28.309181396140758	28.032029123804612	28.047346817781147	28.173343386866414	28.165627748974956	29.370667087950089	28.554491903873437	24.488991487024656
24.125000000000000	29.649256345942472	29.501842509950929	29.370700936552744	30.274531768822108	30.120030589360681	29.985362530753246	30.026223323189221	30.008179196424322	29.631474898550671	29.402718311510291	28.628316511030860	28.785669945959562	29.415715653658367	29.318688458378475	28.608740362907611	27.641251138662724	27.795817447619527	27.085460866609395	26.752276476690270	26.861825638120060	26.847738622449683	27.974140940827169	29.110944597103241	28.895702868195997	28.838235455783568	29.610176317500223	26.579456791064054	24.546383284926918
23.875000000000000	29.803154938030900	30.012824214329633	29.988825420191553	30.233266460796983	30.142109906560240	30.551914941816534	30.244529314398221	29.866848596428511	28.774819404443242	29.493865964366776	28.554587778527143	28.001570569064491	28.836604119167674	29.207274426234498	29.217557383311657	28.303520257023699	27.605525533023439	27.145564144701197	27.574742279836762	28.058122554436729	27.006622783973633	26.128410573311413	26.641330168702027	27.665427893198384	29.365482373252036	30.034633386383071	27.512855510713894	25.256001837378985
23.625000000000000	30.410221089772790	30.288577524516050	30.706167859566399	31.122934362976675	30.812391196967759	31.057063617909755	30.047364627829396	28.284577694438198	27.010244757210536	26.978845750808496	27.943565368511528	27.898657895587895	29.240316285053083	29.196897657200246	29.051429350043826	28.986119177098132	28.209196180203250	28.332001424616138	28.063668316810443	27.868384762306853	26.988846249033166	26.529698494578817	26.488889731004733	26.363476897964183	29.496514555351773	30.437744084503354	28.323830543274045	28.215774934266854
23.375000000000000	29.808740477906866	30.414280310133265	31.327538665397171	31.688936006497222	30.933052794295868	30.361594709952591	29.133019416381742	27.768625419267721	26.238534972725645	26.438492472050086	27.598328707003134	28.952768151008826	29.025226354585556	29.062850853983903	28.788462886134482	28.550332465037144	29.084105571661603	29.005738847776257	28.829558825933674	27.349871876745908	26.422563988593367	26.127112318192864	25.453771898347618	26.878933673219535	29.725651937320599	30.369992822819242	30.303398723799702	30.521485428285896
23.125000000000000	28.758934486391645	28.677117558096406	29.595190607530000	30.435783558203568	28.671179249317198	27.967523594017266	26.704924165298912	27.454120578641422	26.164259561356793	27.448132642298859	26.996602315697309	28.728036841163664	29.445021683921169	29.294643885008192	29.398037345190275	29.298543029259619	29.480166770659281	28.342357581741666	28.243866874050461	26.447158184000152	26.466624648614243	26.370204534046863	26.297458184743263	28.227191580088721	29.950459015402814	30.562383748308861	30.357235065052691	30.096660035888888
22.875000000000000	26.192492499648175	27.009605531489541	27.602538289021460	28.251744190573312	29.229855382340233	26.201323868242888	26.889346324345993	26.966691227928173	27.333729571885868	27.040859973494356	26.844974423079634	28.604611735214554	29.244464630531738	29.287243182758949	29.413480271421591	29.545281816013542	28.967173213027422	27.657981822747189	27.867660538008771	27.064751272994918	26.903287505835152	27.889905147596522	28.934250768488702	29.263940194433445	29.793036687643635	29.565408572483612	29.469445943977775	29.869843400928488
22.625000000000000	26.433350349975797	25.629178588670662	25.668284694008946	26.227764402108569	26.434825063192619	25.355018802042736	25.537061807997745	28.353531120578594	28.171869434017282	26.752605680399050	27.255662841980396	27.307336839729395	28.974628413763597	29.429181870940951	29.470522731707604	29.487110460954142	29.044323692565058	28.175762900054075	28.122249180022528	27.644754214948556	28.046818160129568	28.080048076561795	28.841974331523609	28.705187358412999	29.524452896678291	29.272141323487514	28.721399858103347	29.497380666910907
22.375000000000000	27.946449857969384	27.810459512177367	26.029851153504524	24.389827682417220	23.917517649163123	23.583753562111511	24.008245896312857	26.341618900001905	26.904453915090492	26.594238101778977	27.727519329352219	28.692934299283138	29.082295906038766	29.081803746835178	29.375944458946229	29.390477749919697	29.178470672660488	28.493707186106946	27.289164187125955	28.507215193461569	28.157029418197467	26.976261553152717	27.851630237110321	28.581165576435161	28.480571230065827	28.973644699628984	29.943323048420652	29.260600434792579
22.125000000000000	26.635759332824378	27.593094015480979	24.905211333468827	23.963620292514648	23.795964172994807	24.901646022849199	26.644857439518404	27.201160022502719	26.056103096278420	27.035253646384625	27.022057923853410	28.051869062273099	28.987666488622942	29.352794868920057	29.522559676876071	29.331887289861271	29.254171155975691	-1.0000000000000000	-1.0000000000000000	28.350956484317713	28.333317908962727	28.062391057630101	27.297531557998532	27.608190344294577	28.436626567755688	28.446678362423910	27.569114645394514	27.496421815293360
21.875000000000000	26.634363359041927	25.691939370987171	24.782570402001440	24.791506806864540	24.474684457782139	25.144571073593276	26.566832619575152	26.762498199475203	26.434985365177454	27.080043459973957	27.873877432886076	27.825529899273903	29.082900202735033	29.728269294302507	29.185097306175656	-1.0000000000000000	-1.0000000000000000	-1.0000000000000000	-1.0000000000000000	28.598867694689112	28.618283067199847	28.176132843550945	28.082285611414569	26.120484926333994	27.386009589638839	27.804021786262865	27.463330444122619	26.493179611539716
21.625000000000000	26.596856675917365	26.118938330015304	24.406751636788556	-1.0000000000000000	22.964080298908982	23.318090903536600	25.879802623712415	25.253451798193389	26.196149846414542	-1.0000000000000000	-1.0000000000000000	-1.0000000000000000	-1.0000000000000000	-1.0000000000000000	-1.0000000000000000	-1.0000000000000000	-1.0000000000000000	-1.0000000000000000	-1.0000000000000000	28.750724190944702	29.366482215362829	28.696472088738979	26.963469268611270	26.425390581195529	26.957687962692638	28.276981285423076	28.326252722294988	28.573596789471161
21.375000000000000	-1.0000000000000000	-1.0000000000000000	-1.0000000000000000	-1.0000000000000000	-1.0000000000000000	-1.0000000000000000	-1.0000000000000000	-1.0000000000000000	-1.0000000000000000	-1.0000000000000000	-1.0000000000000000	-1.0000000000000000	-1.0000000000000000	-1.0000000000000000	-1.0000000000000000	-1.0000000000000000	-1.0000000000000000	-1.0000000000000000	-1.0000000000000000	-1.0000000000000000	29.065362635968853	29.068562723495702	25.891513034433942	25.881322380525098	25.373369375457813	25.587521284203412	27.639728548305946	27.690074767375478
21.125000000000000	-1.0000000000000000	-1.0000000000000000	-1.0000000000000000	-1.0000000000000000	-1.0000000000000000	-1.0000000000000000	-1.0000000000000000	-1.0000000000000000	-1.0000000000000000	-1.0000000000000000	-1.0000000000000000	-1.0000000000000000	-1.0000000000000000	-1.0000000000000000	-1.0000000000000000	-1.0000000000000000	-1.0000000000000000	-1.0000000000000000	-1.0000000000000000	-1.0000000000000000	27.941639908580768	25.484552271342061	24.403302960375740	23.783372407463141	22.996638060160763	24.031234666935823	24.418951033209659	24.041618010217242
20.875000000000000	-1.0000000000000000	-1.0000000000000000	-1.0000000000000000	-1.0000000000000000	-1.0000000000000000	-1.0000000000000000	-1.0000000000000000	-1.0000000000000000	-1.0000000000000000	-1.0000000000000000	-1.0000000000000000	-1.0000000000000000	-1.0000000000000000	-1.0000000000000000	-1.0000000000000000	-1.0000000000000000	-1.0000000000000000	-1.0000000000000000	-1.0000000000000000	-1.0000000000000000	-1.0000000000000000	26.919482236667484	25.616979245115211	22.889760011027576	21.977333687594978	21.115199527114115	21.777240576487415	21.591586078563708
20.625000000000000	-1.0000000000000000	-1.0000000000000000	-1.0000000000000000	-1.0000000000000000	-1.0000000000000000	-1.0000000000000000	-1.0000000000000000	-1.0000000000000000	-1.0000000000000000	-1.0000000000000000	-1.0000000000000000	-1.0000000000000000	-1.0000000000000000	-1.0000000000000000	-1.0000000000000000	-1.0000000000000000	-1.0000000000000000	-1.0000000000000000	-1.0000000000000000	-1.0000000000000000	-1.0000000000000000	27.266949813921009	26.448895217661629	25.414338584553633	22.686666706739359	22.480202511483824	20.999276696059042	21.391460543524062
20.375000000000000	-1.0000000000000000	-1.0000000000000000	-1.0000000000000000	-1.0000000000000000	-1.0000000000000000	-1.0000000000000000	-1.0000000000000000	-1.0000000000000000	-1.0000000000000000	-1.0000000000000000	-1.0000000000000000	-1.0000000000000000	-1.0000000000000000	-1.0000000000000000	-1.0000000000000000	-1.0000000000000000	-1.0000000000000000	-1.0000000000000000	-1.0000000000000000	-1.0000000000000000	-1.0000000000000000	-1.0000000000000000	28.188494722909184	25.571233910433470	23.652104711703593	21.815277941918907	20.830012459779951	21.477376567633186
20.125000000000000	-1.0000000000000000	-1.0000000000000000	-1.0000000000000000	-1.0000000000000000	-1.0000000000000000	-1.0000000000000000	-1.0000000000000000	-1.0000000000000000	-1.0000000000000000	-1.0000000000000000	-1.0000000000000000	-1.0000000000000000	-1.0000000000000000	-1.0000000000000000	-1.0000000000000000	-1.0000000000000000	-1.0000000000000000	-1.0000000000000000	-1.0000000000000000	-1.0000000000000000	-1.0000000000000000	-1.0000000000000000	-1.0000000000000000	25.317534768591578	24.075066407485750	22.099025316395455	21.569948713016643	20.886707083330307
cpt:C=3, cpt:clim_prob=0.33333333333299997
	87.125000000000000	87.375000000000000	87.625000000000000	87.875000000000000	88.125000000000000	88.375000000000000	88.625000000000000	88.875000000000000	89.125000000000000	89.375000000000000	89.625000000000000	89.875000000000000	90.125000000000000	90.375000000000000	90.625000000000000	90.875000000000000	91.125000000000000	91.375000000000000	91.625000000000000	91.875000000000000	92.125000000000000	92.375000000000000	92.625000000000000	92.875000000000000	93.125000000000000	93.375000000000000	93.625000000000000	93.875000000000000
27.875000000000000	11.902555959797560	12.704036599964649	10.299664449688747	7.1272852098481900	5.3388561146839795	8.0709610833268055	7.9187390526821559	7.1819643482149758	8.1506148126595477	9.9571191868084146	11.289983589785967	12.488332034688700	15.346536975206504	15.209382082939651	17.933922199423677	16.691338362740265	21.906008422238962	24.684918853381195	27.143731774381131	24.171085407448039	20.764304235430910	21.942140375521543	18.272343992633218	14.144009389525575	12.479946188094878	12.751291188519284	12.633762202353410	12.914958980240050
27.625000000000000	12.906435725953481	12.565565920598711	11.943721170344761	10.377026223337058	7.8653230650185062	8.7189647327849418	11.127786675460996	9.4994237145733322	11.307894104674455	12.419830904687849	10.620563077945954	12.604793097674765	15.172521958441271	18.169490799107368	22.088254633374007	22.870190749104662	20.341491783360066	24.394044613526823	26.301621111404451	23.147626201299651	15.665021816384897	19.440283643432508	16.466463404830662	13.591248071761793	13.355801000428325	14.071252277422728	12.658583583492378	14.474885517620773
27.375000000000000	15.827767807237118	15.729384858233978	13.353368661172485	12.798650300755648	10.703939355126892	10.886819263273683	12.800168912678009	12.319253791907428	12.486500736174879	14.365715224643333	13.003523845298936	12.861971153193528	11.783820962450445	13.573873330166847	17.575913179877713	21.049530725370659	20.561942071595148	20.041407212079644	26.525120633686996	20.913275064753023	17.443501315359093	15.381037135225178	14.193766974825712	13.659986382518602	12.039686408867043	13.941042129030235	10.937178954564750	12.832617781423975
27.125000000000000	16.897287694319708	16.515406664753939	13.768456266355859	12.330778183295653	11.886310716469197	11.367788616369854	9.5394692560871679	8.2753738251714193	9.3197508568376328	11.394884000038660	12.350433016403318	13.756669777222394	13.292739336814202	11.732188547316550	14.006772372718634	17.331457605923259	18.139042107073973	17.140036048426339	24.838509955283079	22.700989872231922	18.330672590479267	14.296345247149953	8.1328749426978568	8.6179093196373682	7.8619323350613515	9.2358826802178218	10.132128522275490	7.3940098017449190
26.875000000000000	16.655547758301850	14.023115615092360	12.587544682815723	10.016085583045884	9.4192977455440179	7.9461441624869913	6.1751671949291795	7.9957829233288811	8.8836920366483909	10.967830455124314	12.455121901816408	12.342407771093148	13.361956851841697	14.860013448693868	12.822861017452853	16.283394872133467	13.319865365293515	15.673357347856761	17.930503244548888	15.420984892187084	12.730068904382549	9.8705936726676651	7.2861627426598981	5.9378639688811532	6.4060397397814386	7.9669795081899171	8.5781122018509119	6.4833084176592104
26.625000000000000	11.035207778265100	9.1427326902511208	7.1936881465808398	6.6541858984678735	6.3758533358715379	6.7656530522294327	5.9988842128227846	5.3118344611921913	6.7183482460275625	8.1272483379973437	9.0673415797019796	7.8907166512484803	8.2809056342024210	10.591688612846848	14.329625101972040	15.433997348293477	12.350148782509031	12.558252046574648	11.725678521323706	12.607998620243693	11.215655779796387	7.0208698498068820	6.5901752880382176	5.9126743133522401	7.2955704495381264	6.2301083500128343	4.2052423078645473	5.6004384449094138
26.375000000000000	8.7630798851408223	6.5180224986805246	5.1592986901975451	5.0838885584958238	5.5861967098496335	6.3382152861296532	7.4097414428977855	6.7049424334864858	5.9444575727646924	7.1270555742263317	6.9006519509184558	9.7178637463887600	12.095601478580697	15.500324594717735	17.404156004798850	20.320106164421034	19.307729683746704	15.153651392866180	12.248003692021044	15.086208666311753	9.9870515338534389	8.3752481357293487	8.2171272643291875	8.8580011352517989	12.585285906001713	11.043153139616191	9.6490089910251875	3.4697903224794593
26.125000000000000	8.3992628113198435	7.2871085857704649	6.4633026070950077	6.0090780528722014	5.4762875971751050	4.8401079710765282	5.2204763855927139	5.5238314557599066	7.0010403097579053	9.1498450900798201	9.9681368787202977	14.258143793854867	16.489431266141867	21.015582417064390	20.825832200833830	20.500242589321342	18.206187069722208	22.824775696572480	25.215535118786690	22.333015284790090	11.747101054042751	11.114226836247930	12.687707081527467	12.973872839265137	11.895988926490590	12.617219028788510	7.9190536943123311	4.3595199181885302
25.875000000000000	8.8740201542349890	7.3252965703540927	6.1948703514742940	4.6418450836211571	4.6985876064463827	4.4066939116986781	7.0662340162877628	8.0740103776207270	10.793200904636297	14.438847459318835	16.576201523743517	23.129171746496123	26.343423430806446	29.294321794241903	27.915549620259029	22.951865982285756	27.782805366479373	31.349100754740206	26.510131358514300	23.932212894276997	19.634797580957564	12.665865323052328	15.367153236669740	15.857934622232737	15.118191371440096	16.162900070661010	10.361588749122584	9.6098196556325970
25.625000000000000	9.9977780114585855	7.3084633273107542	6.1488445181148039	5.4388652084509168	5.2710240564795257	6.1813207605253693	9.5675003494033817	10.280812244148311	12.890318058556883	16.774562350262567	17.665531513890851	23.810230233895485	31.010307553072312	31.027085171451755	25.622886952469820	24.136183942582722	26.025040031002177	32.845687146518159	34.118048170367537	33.503056678040515	25.429282308322261	24.230838610103010	25.148279908901465	22.800993381534013	18.966600983998212	13.405241073860056	10.238487352738353	9.0078834193234396
25.375000000000000	8.9983048403237706	7.0338317215181201	6.0900893410799313	6.1075444231644571	7.5969708904113951	8.2168678422596155	8.6595737945603233	12.477466117989721	15.395242979210600	17.794391717202100	19.471784574928328	22.983260748378097	22.504905558613281	22.605992665631224	23.566285744144142	25.237726498795265	27.390755524664169	27.612130943171646	32.973601494409181	31.166416841977135	38.047722618099691	34.949482542710001	34.884455011933937	33.901874747398281	17.874514255110782	16.869123953807154	14.637898021479606	9.9006029823104580
25.125000000000000	9.8515830543490885	9.7452718168544443	7.9945593226412939	7.4745726872262441	11.267918851775702	12.239819571366120	10.241085727684618	12.670364531920237	16.505970198787907	18.614732373902768	22.853792005498775	24.855431983230307	22.677963998223618	23.925213368750605	24.161920236706049	24.252353648313623	23.039195214582723	25.945160333082978	28.163227482969468	32.761040030276298	31.684953492960311	32.954464925598998	32.827569541019393	32.236513698825306	25.425858801690648	20.495009781680331	12.849823463325560	11.070769379833017
24.875000000000000	15.439768795972867	13.356766062495156	11.575131054680284	11.416127745990526	14.174233552642942	15.044371129868619	17.975783453569335	24.144849184674921	21.146638658027378	22.819813537168042	26.268608356097122	30.221608615473137	28.520395741192743	32.972425992601018	31.284453252754517	26.314243544734854	25.940630596737176	29.819207676559145	33.257022490136080	34.730231107143069	32.947239442985293	32.244210815600312	29.019448317041928	27.146690808289215	27.183709116658616	23.647652734934091	20.079005192422855	13.431900608382898
24.625000000000000	22.510910068858507	20.973968343963907	18.654880289685774	19.103154444413452	19.619700416201553	23.306051353654127	25.384539179262394	26.401888092090172	29.468171035850098	31.826579311658286	32.361501742198762	30.637567418094303	37.046895825252612	36.842883363509195	36.587862978857686	42.262024328576508	38.450619317831382	40.402539416258762	38.668126634629559	42.414154514709388	35.887233871869448	35.652388002607637	30.991122271968212	27.628607108065090	26.588120398039866	30.549440376285027	18.529159537391234	15.030351122687104
24.375000000000000	25.533730549262192	24.437882471795820	22.225780684323116	23.770680346667898	26.338144515694584	28.072290977293662	28.361108605085743	28.194984205237262	33.670355297985815	32.478506773671640	34.195975426863939	36.475257102630913	39.471774089180528	36.395171667237321	44.834175162819534	45.918748292443929	45.660326368160050	42.966465594696999	49.522714250451045	43.859127080326843	43.226887635585328	43.586430415201839	37.056407471050647	31.174240164361962	31.279534679040964	32.640594522045127	20.726480948340313	11.520278563589576
24.125000000000000	30.370477714607187	30.658924969402396	25.080697524584032	27.475623891141638	31.543469098350528	28.519067276951294	33.154301128589346	32.420290484570749	36.786382926371594	37.748710114053146	43.047511468242035	42.024893049690839	38.756943081871654	40.757860460615746	45.097352904376606	48.150036676994304	46.589199282690060	49.973331171484119	51.297698434785332	50.646704002972776	51.052540665942871	44.990705468588544	36.574358973255286	39.385838586430751	40.684907531893295	30.565652276131740	15.696584580848102	12.255928679517490
23.875000000000000	32.518274473415637	35.978307476777609	36.594360135934700	33.468328361176432	29.232519686144254	33.737174792548913	36.852554158266656	40.573041028524074	42.981772681339400	41.117714537996477	45.011446503607324	46.360389157794948	43.508430071130931	41.655707917039400	41.229583088827496	45.237978399944772	47.713677496424367	49.612262450404074	47.887372091739500	45.900584771190417	49.525671339082756	53.742575694270570	52.361138375724138	49.410551688657165	42.481217921148314	30.646665560175180	17.351077207458840	14.227393655353804
23.625000000000000	42.114724164392513	39.292005852034173	35.818574883836014	30.959512627568760	32.678706388690223	37.404234937137041	41.902135288649063	48.436320308829593	53.273321678194229	53.250284401291559	49.857717059584459	48.726503663904417	42.258435809237952	41.274397560575217	41.283362583410174	41.370205412124292	45.875904572111821	44.471111647945250	46.109406037561193	45.001451610845201	48.523937830160897	52.729726259482980	53.149677597110980	54.202552318545550	42.373888839579628	28.604092543609820	19.735812643694938	19.101145903353107
23.375000000000000	47.394568908248701	44.627740469394027	38.554054321615070	35.894213098021233	38.650359697149405	40.879670140337772	45.173037519514395	51.922543608977364	56.450121204811424	54.780698257856997	52.311862156552181	45.490429858005839	41.503392522055393	42.610499852004693	43.340530187379159	45.293048456149904	41.802956557075724	41.059776520849496	41.220320739563562	48.641095932873725	52.017528114754427	53.023947596692999	56.963643103665838	52.790261293611721	41.767585381416218	31.630485988812602	26.814198647085007	30.400551535454813
23.125000000000000	51.343844567531626	50.123937767906448	45.325272429651690	43.464049757215491	51.830078181731629	51.674076364939793	54.750674836491363	52.456566104513257	57.937278585648208	53.620091128759015	55.029943141725859	45.691255550587265	40.088596065848904	41.237113392454141	39.887203853146104	40.145056256497170	38.778637241755845	45.762048797984491	44.812288258985852	52.543688406939857	52.065563034443684	52.754848408538479	53.888824495873834	48.339562027278497	38.604669648206823	32.000943142541907	36.892664100214645	34.243800832661279
22.875000000000000	57.868864454258251	55.727707043737695	52.840551124606272	49.471085091243971	48.675909662792023	57.254991907946781	55.620095313269147	55.352615424031946	53.117140933862771	54.138045800856979	55.070181085212354	49.360809273755642	41.537936247837123	40.982376577518259	38.279276715446571	38.622659084658366	43.886103165313187	49.336135821581649	47.476572394115074	50.852946657581235	51.604609636411737	46.722924316126978	41.815248991280335	40.612533830612620	34.589450625646776	34.442588176849434	32.124081138411626	40.888792069087557
22.625000000000000	57.845092389689526	59.639973315343362	59.270355646103297	57.508616524432234	56.187261000673814	58.793917912075841	58.082647352442848	47.990951371696397	49.083563708586283	54.437251420902435	52.672993912312506	50.564358325864411	43.988076203128969	40.540971639066015	39.556697755134707	41.303335850521137	43.580160006197204	46.573446237316837	46.622293241378706	49.129376175515297	46.858278031837862	45.283944286084591	40.107403398015670	43.630642801038420	33.537395108886336	31.543017184863036	34.924684316327948	43.175002766160084
22.375000000000000	54.264564416606618	54.497282254588718	58.899157714814351	62.311179661394121	62.050314593725609	62.748975973990227	62.335992086436619	56.405760288541259	53.387211351497221	53.768134156674030	50.868050223989655	47.575199858574251	45.321026765622548	42.935078591146294	40.602760517233584	42.788938691234279	40.576092705395730	45.991062140572495	51.724244631336312	45.037990040226909	46.278648686811195	51.673486211115140	47.531162840121645	42.744983488237175	42.926925633708102	37.473970843832980	40.764778476478156	43.625692504810786
22.125000000000000	57.922750070467856	54.876730793335902	61.222630845518268	63.393796227717672	62.518943205547338	58.252711210735406	54.947740183095618	53.094545016324602	55.424752495368935	51.451459018470025	52.105472664116007	48.440002395392540	44.810308526498694	39.532707087333705	38.306710327115482	41.231136461711586	40.421628304336188	-1.0000000000000000	-1.0000000000000000	47.303556628314674	46.374636527316056	47.202046374663873	50.579662200032352	46.696091060667392	42.167390256621410	37.571126383009911	46.706915558539016	50.051870245145921
21.875000000000000	57.517559906472428	60.142928420326783	62.863638514074680	61.161412961447859	60.811650051563795	58.609205751915262	55.151854641644491	55.021095252464605	53.883322657693000	51.491717242707516	49.144776898855440	48.021046340112647	46.833518774501584	41.499181109584057	42.529150046583872	-1.0000000000000000	-1.0000000000000000	-1.0000000000000000	-1.0000000000000000	48.499409508752116	46.159800459691006	47.465964009886747	44.690065009974298	52.838298851299250	47.835338821989957	42.180209068899231	43.972391365203109	52.525410024922351
21.625000000000000	58.016108144513254	59.920405063898862	63.378301991058493	-1.0000000000000000	64.396415051390804	63.351833454631176	56.074075573139815	57.884817110689092	55.375679587195052	-1.0000000000000000	-1.0000000000000000	-1.0000000000000000	-1.0000000000000000	-1.0000000000000000	-1.0000000000000000	-1.0000000000000000	-1.0000000000000000	-1.0000000000000000	-1.0000000000000000	48.224583771778121	43.031195665320190	45.435961931366641	51.832813169634484	51.426846613655044	49.073097246484373	40.902280569695776	41.946356309994563	46.242870299971138
21.375000000000000	-1.0000000000000000	-1.0000000000000000	-1.0000000000000000	-1.0000000000000000	-1.0000000000000000	-1.0000000000000000	-1.0000000000000000	-1.0000000000000000	-1.0000000000000000	-1.0000000000000000	-1.0000000000000000	-1.0000000000000000	-1.0000000000000000	-1.0000000000000000	-1.0000000000000000	-1.0000000000000000	-1.0000000000000000	-1.0000000000000000	-1.0000000000000000	-1.0000000000000000	48.538034890129680	49.199385572815302	57.116436204725488	54.908665694797556	55.000640435534805	52.899168640954578	49.421558469469723	51.295765050257657
21.125000000000000	-1.0000000000000000	-1.0000000000000000	-1.0000000000000000	-1.0000000000000000	-1.0000000000000000	-1.0000000000000000	-1.0000000000000000	-1.0000000000000000	-1.0000000000000000	-1.0000000000000000	-1.0000000000000000	-1.0000000000000000	-1.0000000000000000	-1.0000000000000000	-1.0000000000000000	-1.0000000000000000	-1.0000000000000000	-1.0000000000000000	-1.0000000000000000	-1.0000000000000000	52.672986896907403	58.796636572380415	62.398159984367553	63.219495252140725	63.435704205225449	60.264141417965853	60.327773468204590	61.343231427468560
20.875000000000000	-1.0000000000000000	-1.0000000000000000	-1.0000000000000000	-1.0000000000000000	-1.0000000000000000	-1.0000000000000000	-1.0000000000000000	-1.0000000000000000	-1.0000000000000000	-1.0000000000000000	-1.0000000000000000	-1.0000000000000000	-1.0000000000000000	-1.0000000000000000	-1.0000000000000000	-1.0000000000000000	-1.0000000000000000	-1.0000000000000000	-1.0000000000000000	-1.0000000000000000	-1.0000000000000000	53.525358631195921	57.880605486309442	64.533399353970665	66.092167908380191	67.283141116797623	64.962195231527133	65.984730178654132
20.625000000000000	-1.0000000000000000	-1.0000000000000000	-1.0000000000000000	-1.0000000000000000	-1.0000000000000000	-1.0000000000000000	-1.0000000000000000	-1.0000000000000000	-1.0000000000000000	-1.0000000000000000	-1.0000000000000000	-1.0000000000000000	-1.0000000000000000	-1.0000000000000000	-1.0000000000000000	-1.0000000000000000	-1.0000000000000000	-1.0000000000000000	-1.0000000000000000	-1.0000000000000000	-1.0000000000000000	51.961178550125588	54.483681741832044	58.444999398809315	65.345477963041418	64.398822461182178	67.296185429497598	67.015291710667199
20.375000000000000	-1.0000000000000000	-1.0000000000000000	-1.0000000000000000	-1.0000000000000000	-1.0000000000000000	-1.0000000000000000	-1.0000000000000000	-1.0000000000000000	-1.0000000000000000	-1.0000000000000000	-1.0000000000000000	-1.0000000000000000	-1.0000000000000000	-1.0000000000000000	-1.0000000000000000	-1.0000000000000000	-1.0000000000000000	-1.0000000000000000	-1.0000000000000000	-1.0000000000000000	-1.0000000000000000	-1.0000000000000000	49.726759054007388	59.379173084109006	63.666288242151360	66.806845695800661	69.202286101911525	67.542288016033538
20.125000000000000	-1.0000000000000000	-1.0000000000000000	-1.0000000000000000	-1.0000000000000000	-1.0000000000000000	-1.0000000000000000	-1.0000000000000000	-1.0000000000000000	-1.0000000000000000	-1.0000000000000000	-1.0000000000000000	-1.0000000000000000	-1.0000000000000000	-1.0000000000000000	-1.0000000000000000	-1.0000000000000000	-1.0000000000000000	-1.0000000000000000	-1.0000000000000000	-1.0000000000000000	-1.0000000000000000	-1.0000000000000000	-1.0000000000000000	59.605484369473949	62.558275203257182	66.899128427399091	68.132342441073973	69.250174207304667
