xmlns:cpt=http://iri.columbia.edu/CPT/v10/
cpt:field=prcp pred_err_var, cpt:dof=16, cpt:T=2019-11/2020-01, cpt:nrow=32, cpt:ncol=28, cpt:row=Y, cpt:col=X, cpt:units=mm/day (squared), cpt:missing=-999.00000000000000              
	87.125000000000000	87.375000000000000	87.625000000000000	87.875000000000000	88.125000000000000	88.375000000000000	88.625000000000000	88.875000000000000	89.125000000000000	89.375000000000000	89.625000000000000	89.875000000000000	90.125000000000000	90.375000000000000	90.625000000000000	90.875000000000000	91.125000000000000	91.375000000000000	91.625000000000000	91.875000000000000	92.125000000000000	92.375000000000000	92.625000000000000	92.875000000000000	93.125000000000000	93.375000000000000	93.625000000000000	93.875000000000000
27.875000000000000	10.772520950040036	10.163158523850015	10.376120046909801	10.192183561276366	9.9974382616969741	9.2788678792520827	10.367358730817745	10.250701186748749	10.032400325538571	10.090584824089357	10.378708442376157	10.211891779256073	10.572402923322956	10.778847936726640	10.110177992193284	10.635961076360676	10.494554935285731	10.737118933654212	10.654258280535831	10.711950221995004	10.639302350569261	9.6861667303757510	8.4137031531294006	10.464633978524091	10.599617973279365	10.581851882032732	10.707486993738149	11.146611992514307
27.625000000000000	11.081226958338474	11.056483996383960	10.554158642870368	10.396252525050674	10.642460849870179	10.543362493726043	10.383325399414426	10.764433012694411	9.8062699073180681	10.186614594599988	10.603047622168743	11.311173817867834	10.621798865916869	10.504767665188254	10.476643148364607	10.663827299124398	10.355913502745205	9.2481725968282404	10.046982883430776	10.180726242912174	10.522131790938772	9.8242210247636503	10.362918839370312	10.755682827368362	10.658534411684361	10.723532434269641	10.873083690516575	11.278442185954271
27.375000000000000	11.512366724436674	11.400573215690974	11.202851371925698	11.122297782243020	10.508523056258307	9.2760230392156551	9.6498518732415057	9.6328001464347501	10.352185508442423	10.393565222214084	11.043775421562435	11.328474520581894	11.018749055141827	11.052960291813859	10.465542139229752	10.337419507653379	10.316505734767171	9.9212254099200887	10.653714702967587	10.185478195948722	9.5849816382363766	10.622141848367781	10.984493426972032	10.691246420038949	10.862196833889664	10.881735464578822	10.946080433129186	11.246511798724464
27.125000000000000	11.336755202768694	11.464756874387081	11.136515297580271	10.182869031359052	10.123905975298126	9.5281474331694529	9.1043678676653865	9.3171453633164063	10.488232231518285	10.864373135176061	10.194884507663005	10.675803757506381	10.755554766142176	10.759665485322481	10.387687306935414	10.332685222607354	10.379977014622995	10.238671223988556	10.334563728053848	10.486187229190586	10.525469794858871	10.590704625109845	10.636319459074571	11.058093252908170	10.973597778463215	11.024961618209280	11.031843721014056	11.083041748899177
26.875000000000000	10.659924216702555	10.953232846939226	10.397756707325138	10.057346299876674	9.9249364239720954	10.292834933612454	10.612599536921428	10.476043314608956	10.160277798039708	9.7030637804254756	10.246124783085488	10.556810753580935	10.675068479195426	10.886663721136479	10.689617882408349	10.602058202780436	10.421320252732986	10.430687845311553	10.359101934764874	10.316823668910676	10.403562154245281	10.426606634986845	10.397372631048167	10.346830273725882	10.705812499415737	10.848212159667305	10.826044820023982	11.017178869129538
26.625000000000000	11.075872454245946	11.485719301186338	11.131038254402556	10.846743097936134	10.807434226220249	10.537538187854077	9.8276620921136448	9.0240948068160272	8.8039787708796151	9.3779279026402129	10.172071186823956	11.415514004004201	10.716683279331752	10.570801971478339	10.637960933984047	10.494326635623775	10.475218637429935	10.238084972746393	10.566919375281696	10.520579491064744	10.369486140521824	10.538454739102367	10.695074782330042	10.238557180950520	10.492088092456530	10.494273750348437	10.752804962132011	10.813125351667120
26.375000000000000	11.727557461980075	11.460890383145575	10.070532911650963	10.225370473460801	10.280921523837192	9.5293941507576498	8.9961770370413312	9.0652872439259422	8.7847653279293940	9.3406579368971805	10.496895181746069	10.124977098729859	10.179220939513206	10.586242253119918	10.406807887914416	9.8161058899483358	10.244679787485602	10.154490660912622	10.152275839648183	10.259718564959599	10.297368679806796	10.417497952871308	10.195569347061555	10.144287044755577	10.373371071944112	10.379200876337833	10.525218493470529	10.667302467701122
26.125000000000000	11.123731220623103	10.308021344836648	10.203842370877272	9.2412074311746171	8.9961853932414666	8.5400892468011502	9.3367324080966050	9.5098650135958316	10.256062692550620	9.9557851509396311	10.348780327577717	9.1651924746380988	10.487206303218979	10.244002228525288	10.189982601153099	10.422773631369060	10.348756267112700	10.219912497762103	10.155448377164079	10.487915162860002	10.332226438889293	9.9334140730695264	10.166122954411644	10.266716407995439	10.213595217850823	10.421274193318723	10.543433399232756	10.654819182887767
25.875000000000000	10.115101865981933	9.5031885700529166	9.1455455423514422	9.0094191011145828	9.3081642100048203	9.6717652768646385	9.7979430187661389	9.9727052567658312	10.418620443341617	10.208139946522023	10.027526271212320	9.4684064666304444	9.8566735822463993	9.6651913088956807	9.9936121050645337	10.155762785429628	10.327887726341688	9.7937379317143129	9.9610765406097084	9.8753325870575104	10.254695527638150	10.242071834228451	10.314457423123933	10.469234851693447	10.325137223699537	10.187302232067683	10.208820644177381	10.364951828239791
25.625000000000000	9.2788962066119787	9.5866007375261031	8.9531970178170290	9.2997203964767419	9.6305707843728374	9.7371618073594561	9.9781760470184189	9.7641194243462444	9.8632885131869763	9.7786312829421469	9.9968198670135298	9.9909275506323301	9.6743698607935507	10.079978625204411	10.503784912740384	10.316915185290274	10.124136098975921	9.7387775254545463	9.3427972944286068	9.3883079323548788	9.7142004566740461	10.146827980829523	9.7949068140216919	9.9954817217175478	9.5462696226870616	9.8242669184477922	10.033595721226350	10.021463316423924
25.375000000000000	10.903446682982036	10.116857713077781	9.5513380538945611	9.7958657039548012	9.4724651923889986	9.4951896936013682	9.3663976877192070	9.7172608141661634	9.9549876119509975	9.6853286405140260	9.8172280360516861	10.125410285830972	10.270556954417879	10.348372118546800	10.340574848176065	9.9084322350376848	10.023170532129116	9.8420776001653500	9.6995173477910317	9.7664716209733857	9.7782361905291655	9.7554088187302348	9.5924894044197053	9.4583271249867096	9.9427343270423041	10.216443390567010	10.217643428140315	10.284611877353845
25.125000000000000	10.965415266564314	10.509097827966855	10.287327476972010	8.8199681492930004	9.2318585567043616	9.4328456903188922	9.7569029053148242	9.9086453686481910	9.6003371160277329	9.7985277083691624	10.002930802253980	9.8358704382668183	10.016914781430371	10.162765125061187	10.111331971220121	9.4082388726987372	9.5417325232094701	9.4696681223191561	9.5995037408386512	9.5997548276966533	9.3906124298347322	9.4464697101083690	9.9792005114706619	9.8113585384187587	10.151479699748679	10.526109225086607	10.842843149513550	10.717431777855957
24.875000000000000	11.287757385805998	11.071688500680615	10.144050167299433	9.8556033467698096	10.499705793764669	10.257102270484181	9.8793622853939098	10.009573115793158	10.115622916565252	10.285096219218079	9.8783985938902514	9.4051293968186176	9.5425374518945478	10.024992916338304	9.9236781859111414	10.295702255813923	9.7460082822084200	9.6706990660674848	10.030221123012392	9.6435187647385181	9.4789779072987326	9.8773010465774771	10.270120495475171	10.083622029387902	10.289591942976150	10.206968304368656	10.997852866357764	10.951567251639375
24.625000000000000	11.393754957387781	11.594029862388563	11.167102025372470	10.605380054583982	10.256186507487401	10.004633931065451	10.012466034866605	9.8877566019132619	9.3975633461121308	9.6019477300951035	9.3521980852449342	9.4673281348112486	9.4558142456303624	10.247345225874557	9.9063148436788495	9.9719723058627885	9.9505622441848711	10.063202925039450	10.152260446297028	10.254494500870102	9.4082465661852037	9.8749105939533628	10.296159161671014	10.077963952078438	10.379533886194446	10.453165141880605	10.852411246137992	11.008060436131458
24.375000000000000	11.638234170924420	11.478137929906980	11.370052369313703	11.103268270392798	10.279663535620589	10.373898089067620	10.077414592149143	10.093934227966246	10.141823045893332	9.8915162512701151	9.6572135374732415	9.7952481915974818	10.444287073332228	9.9227642168322507	9.9230039932892140	9.8556810710526399	10.292230431170877	9.9998972114068838	10.223263928128951	10.420824108020927	9.6540817156606789	9.7127096372395147	9.9232087543245946	10.135550139676671	10.338867858082018	10.789618500045076	10.826593710099280	10.909379202119892
24.125000000000000	11.462978599241888	11.707507088449320	11.357087811672427	10.509109433276871	10.299637879858844	10.425420351512150	10.402003277816004	10.442522059993129	10.506276958979697	10.314277274991960	10.108455010367045	10.070700635899756	10.211840413740324	10.208476308382078	9.8896502686052301	9.8034935419349392	9.7665674038421582	10.232873360887378	10.228490601960827	9.8426196951014440	9.8426098467100314	10.069140923816791	10.394758503365782	10.334461595127605	10.415333332561341	10.550368640098700	10.702272282171151	10.897485994910825
23.875000000000000	11.645830573706235	11.600003683901926	11.384818345658561	10.874984750333363	10.605575169253381	10.481466175402776	10.723243573475232	10.680975074260459	10.907249862342768	10.750442485118437	10.375326239976337	10.371923980931079	10.103721087355769	10.076563174209056	10.009645822445991	10.117684006037146	9.7852008834418331	10.036017933467614	9.8450362810009686	9.8629622584314731	9.9141749026109771	10.162371117624252	10.395692666110479	10.492836780217138	10.433804833826198	10.512083952562676	10.338028440314108	10.547663426269182
23.625000000000000	12.006997209253266	11.700388548608055	11.383757595260796	10.774883217449938	11.085224950387051	10.832305162713695	10.743082194465050	10.635103667875379	10.699520030411206	10.625682644203055	10.440030624522851	10.378032046055933	10.050751641268198	9.7202361891176885	9.9605139313610227	10.013501020249800	9.7083586192780889	9.7328766771964492	9.6255287943520855	9.6616213658495678	10.106713946333610	10.068676025483336	9.9267350232520268	10.075197841476538	10.390781600823200	10.356884008203609	10.503484181828892	10.359219148685296
23.375000000000000	11.547390194872801	11.285540821925412	10.913091141168463	10.621111154064611	10.727454607972655	10.367555531786236	10.293927349696368	10.454453172845732	10.276859739168964	10.241012748647467	10.106981352470926	10.070916680593637	9.9341911212992162	9.6501388303741127	9.6909746238149399	10.002241642473805	9.7420675700415789	9.5900166531621842	9.7475941555688426	9.8812586376217535	9.9747645632801945	10.013266857777547	10.005617792667451	10.118380425476932	9.9701317543234609	9.8429944406762857	10.024645301530967	9.7508169886089551
23.125000000000000	11.330089532109671	11.074006915549322	10.780764158133472	10.311761644799052	10.455990843595490	10.482768085680211	10.098518802659539	10.065508978587651	10.120567783164145	10.337465324258710	10.128993065222572	9.9256638793053344	9.9634955273240671	9.9228187789167599	9.8460271600820484	9.8855692523936476	9.6649376435302123	9.4924801725599828	9.6411266660343866	9.6513198510111629	9.8933567661402790	9.7448141854077779	9.4930388088663094	9.5969108163109880	9.8014236122326466	9.7493331929849845	9.6313896245048163	9.4215961501896412
22.875000000000000	11.037605293759137	10.938145468364727	10.585042807558949	10.323726540326506	10.414579621792692	10.282074201084514	10.264524303106120	10.293888047872391	10.159663133382889	10.360495532437449	10.197319433301701	9.9900514995460181	9.9197826129136057	9.9425935827770022	9.6227757527104263	9.8798286104078077	9.6251296533964883	9.2665443331441359	9.5076824527428130	9.6985306665246487	9.5771314803328753	9.7106879214766035	9.6083407460286345	9.6279800902000385	9.5221546950400047	9.5827486034278735	9.4353155870167527	9.6041325158831583
22.625000000000000	10.808478986970197	10.686145422930043	10.428845317814471	10.273110169088746	10.415383998218136	10.632433235397157	10.430706864656027	10.183821890411956	10.567125826348434	10.265483946998209	9.9338162303102013	9.8412169455306806	9.8264729248580132	9.8130625812072267	9.6491030594437142	9.6582507057587037	9.8427572212243142	9.6941966036949960	9.5518618911053554	9.4555863843672103	9.5726333181309631	9.7998581309045480	9.6553202036681078	9.4400416388289141	9.4289575790118096	9.2708843038352136	9.2465893469967888	9.3481346885095125
22.375000000000000	10.817654743563226	10.731151204564046	10.367959585452397	10.334453832709135	10.555114636921097	10.535145146813692	10.330307892262093	10.071403299076522	10.069651483641479	9.7466384365991754	9.3219044386514245	9.4868161154397583	9.5795212798152498	9.7856682358938780	9.7758310143040532	9.4621163033630271	9.5086228262248991	9.8593509572274378	9.5639785692708674	9.5959695997805472	9.6583428053576128	9.8653955678613272	9.6699609743991974	9.4305571032919513	9.5733103049766815	9.3964675145430210	9.4625479540489135	9.8403596892696967
22.125000000000000	10.574324162829264	10.498257233469175	10.300792645381900	10.387186364904846	10.422917553529572	10.013905287840847	9.9632704466724995	10.116848503436723	9.8180691194737619	9.8597566155062601	9.5401267130363969	9.5237769459719104	9.5431534549784320	9.7471008115843425	9.6813646958740893	9.7176432426541481	9.7306964408358585	-999.00000000000000	-999.00000000000000	9.5368410331078053	9.6852701108185357	9.7345045541617683	9.6430490116686904	9.6206970218947756	9.5720081428022432	9.4817703945603320	9.6466604887181262	9.9349492370979480
21.875000000000000	10.728497911867711	10.674738978499526	10.332035344990594	10.343063256042573	10.230656006455613	9.8244903045949190	9.8241168801468088	9.6784798565252821	9.8972837295068992	9.7132676894638479	9.6418083020935317	9.7033351983949316	9.8823990399474262	9.7035490467142456	9.7392263513884600	-999.00000000000000	-999.00000000000000	-999.00000000000000	-999.00000000000000	9.6900868416094532	9.6215730026563140	9.7082237738505750	9.7922582750020126	9.6816530085287962	9.7697950721615037	9.8231774037734123	9.7468161220223575	9.7317251214176448
21.625000000000000	10.642503078587128	10.925460837349680	10.565485967413990	-999.00000000000000	9.9947882220402935	10.132204248099358	10.026461046879765	9.7367166620856942	9.6713911743398135	-999.00000000000000	-999.00000000000000	-999.00000000000000	-999.00000000000000	-999.00000000000000	-999.00000000000000	-999.00000000000000	-999.00000000000000	-999.00000000000000	-999.00000000000000	9.8066889472398966	9.6222072581988645	9.6875658102523765	9.8383865030949682	9.9408293976709068	9.8151907285242572	9.8302137429002769	9.9837651662647904	9.9092642606118915
21.375000000000000	-999.00000000000000	-999.00000000000000	-999.00000000000000	-999.00000000000000	-999.00000000000000	-999.00000000000000	-999.00000000000000	-999.00000000000000	-999.00000000000000	-999.00000000000000	-999.00000000000000	-999.00000000000000	-999.00000000000000	-999.00000000000000	-999.00000000000000	-999.00000000000000	-999.00000000000000	-999.00000000000000	-999.00000000000000	-999.00000000000000	9.8398285346864522	9.7874913797271699	9.8678994852953128	10.038470197007863	9.9205602394975969	10.265330370640161	10.291018673584876	10.221106138604929
21.125000000000000	-999.00000000000000	-999.00000000000000	-999.00000000000000	-999.00000000000000	-999.00000000000000	-999.00000000000000	-999.00000000000000	-999.00000000000000	-999.00000000000000	-999.00000000000000	-999.00000000000000	-999.00000000000000	-999.00000000000000	-999.00000000000000	-999.00000000000000	-999.00000000000000	-999.00000000000000	-999.00000000000000	-999.00000000000000	-999.00000000000000	10.026860016773258	10.190033906402656	10.463633728598086	10.530063684423807	10.465669479548849	10.733677530809400	10.789755116280876	10.653026455593556
20.875000000000000	-999.00000000000000	-999.00000000000000	-999.00000000000000	-999.00000000000000	-999.00000000000000	-999.00000000000000	-999.00000000000000	-999.00000000000000	-999.00000000000000	-999.00000000000000	-999.00000000000000	-999.00000000000000	-999.00000000000000	-999.00000000000000	-999.00000000000000	-999.00000000000000	-999.00000000000000	-999.00000000000000	-999.00000000000000	-999.00000000000000	-999.00000000000000	10.227476696832285	10.449247942629382	10.518170250911311	10.424980259870980	10.758328519302793	10.777951918117784	10.544811206587768
20.625000000000000	-999.00000000000000	-999.00000000000000	-999.00000000000000	-999.00000000000000	-999.00000000000000	-999.00000000000000	-999.00000000000000	-999.00000000000000	-999.00000000000000	-999.00000000000000	-999.00000000000000	-999.00000000000000	-999.00000000000000	-999.00000000000000	-999.00000000000000	-999.00000000000000	-999.00000000000000	-999.00000000000000	-999.00000000000000	-999.00000000000000	-999.00000000000000	10.202043565220508	10.340570443944934	10.464256221527235	10.631351170641713	10.855528630644415	10.901763775685282	10.952502048581454
20.375000000000000	-999.00000000000000	-999.00000000000000	-999.00000000000000	-999.00000000000000	-999.00000000000000	-999.00000000000000	-999.00000000000000	-999.00000000000000	-999.00000000000000	-999.00000000000000	-999.00000000000000	-999.00000000000000	-999.00000000000000	-999.00000000000000	-999.00000000000000	-999.00000000000000	-999.00000000000000	-999.00000000000000	-999.00000000000000	-999.00000000000000	-999.00000000000000	-999.00000000000000	10.499567558514572	10.404273868716206	10.865147786447984	10.960355870512451	11.138332406944432	10.978312891256401
20.125000000000000	-999.00000000000000	-999.00000000000000	-999.00000000000000	-999.00000000000000	-999.00000000000000	-999.00000000000000	-999.00000000000000	-999.00000000000000	-999.00000000000000	-999.00000000000000	-999.00000000000000	-999.00000000000000	-999.00000000000000	-999.00000000000000	-999.00000000000000	-999.00000000000000	-999.00000000000000	-999.00000000000000	-999.00000000000000	-999.00000000000000	-999.00000000000000	-999.00000000000000	-999.00000000000000	10.777733394274588	10.823683022448241	10.755770457374014	10.948117943785268	10.854164485011959
