xmlns:cpt=http://iri.columbia.edu/CPT/v10/
cpt:field=prcp pred_err_var, cpt:dof=16, cpt:T=2019-07/10, cpt:nrow=32, cpt:ncol=28, cpt:row=Y, cpt:col=X, cpt:units=mm/day (squared), cpt:missing=-999.00000000000000              
	87.125000000000000	87.375000000000000	87.625000000000000	87.875000000000000	88.125000000000000	88.375000000000000	88.625000000000000	88.875000000000000	89.125000000000000	89.375000000000000	89.625000000000000	89.875000000000000	90.125000000000000	90.375000000000000	90.625000000000000	90.875000000000000	91.125000000000000	91.375000000000000	91.625000000000000	91.875000000000000	92.125000000000000	92.375000000000000	92.625000000000000	92.875000000000000	93.125000000000000	93.375000000000000	93.625000000000000	93.875000000000000
27.875000000000000	1.5452616057067341	1.4751889243843224	1.5373310059889354	1.5064346671501054	1.4127982038642204	1.4266306530853581	1.4521348850236298	1.4500446613820885	1.4785721062411166	1.6151759695209653	1.6412607378016528	1.5683080747743645	1.5083731157324198	1.5827198438982992	1.5391193144223827	1.4969479604359013	1.4381668148912865	1.4243925119351806	1.4314295626824476	1.4352866464026466	1.4202701440588836	1.5412322153283291	1.4587924289689111	1.4143521991922763	1.4542633987682261	1.5698179685279887	1.6246920269185356	1.6566094997064387
27.625000000000000	1.5786513185245832	1.6055540393821210	1.5825938790377359	1.5463250008742151	1.5083268915141728	1.5297595943624172	1.5326649309972882	1.6160300032425290	1.6831218668654222	1.7745167874636729	1.6600950274618866	1.6788361761442321	1.7065345514283927	1.5421260260009533	1.5611238195950978	1.5875914988943636	1.3673853699083867	1.4151005743382647	1.4763223454434293	1.4990880428915601	1.5359707972007268	1.5313059845619590	1.4865473858689926	1.3995929265667306	1.4673109876463781	1.7097368860117843	1.5941140608551922	1.6263412393606631
27.375000000000000	1.6229987520649656	1.6689241654052449	1.6256595625584664	1.6149152777378595	1.6120220102093570	1.6805847567008727	1.7463154536074983	1.7202985396240280	1.7352096131384787	1.6791526400661834	1.6487671934706949	1.7049836608410174	1.6153930829023835	1.6067438326447647	1.6551861516735551	1.6242944443778176	1.3931582789888541	1.5139782862975208	1.3633998572261794	1.5700451352752469	1.6276831375282563	1.4866879223918064	1.4314928479028117	1.4656921120326925	1.5113389285836181	1.4605736139011138	1.4972430225912814	1.5401470615400739
27.125000000000000	1.6949417505916138	1.6990677634309934	1.7137574159932321	1.7083546052858862	1.6620296786777644	1.6823574325581492	1.6779575352296427	1.6021522888028958	1.5759186575593320	1.5469247648473807	1.5523317616104699	1.4609374442457408	1.3568743556843206	1.4500578753822966	1.4971601229723066	1.4481574259124579	1.5074098784181411	1.4295831541449544	1.3655898869883469	1.4099498541076341	1.4571134711463627	1.4473279410537701	1.4135556837346637	1.4194590471003892	1.3785485531365889	1.3152619718469358	1.3100280187780737	1.3816813853580669
26.875000000000000	1.7510190407591883	1.7427377858279727	1.7549304287198226	1.6765494748283571	1.6989491766184037	1.6602940998946165	1.5914856813930618	1.5584049447862001	1.6353108748343794	1.5559602321324995	1.5341870477118023	1.4711211524858550	1.3761327589745695	1.3514916319073615	1.4314622846291436	1.5090104824249466	1.5552297101913337	1.4829421210587914	1.4240038139545843	1.2417320566395476	1.2266707249450002	1.2401973562210431	1.3602919677839524	1.4001981495935187	1.3565101053984594	1.3337463649415773	1.3885634513552634	1.4167043993987376
26.625000000000000	1.6885435522520502	1.6946520416223669	1.5919514148192448	1.5192557846585368	1.5682741919254319	1.5771326300668702	1.4326046258002914	1.4925922935147824	1.5969324971050483	1.5875845064865286	1.6455679314217042	1.5748674061490611	1.6571494597026843	1.6296683709721154	1.6001031529314118	1.6098513582486205	1.5615289298154489	1.5498948787712072	1.4202724952214654	1.3360842966041766	1.2566555161447674	1.2460797820728564	1.3557225748705966	1.3898246510819292	1.3784909887123558	1.3961426790833331	1.4282656163020500	1.4532949412725296
26.375000000000000	1.5371075453233549	1.4737060596753759	1.4789387325419363	1.5338204441457528	1.5535137201678229	1.5233877910256004	1.5223973977353826	1.5242112880393084	1.5582961121998495	1.5692075698182839	1.5765303763303826	1.6937494336380496	1.6946291214280913	1.7222595729386803	1.7148732990907560	1.5799383778497103	1.5518601090078803	1.4986631439555194	1.4894740384639651	1.4350013772647898	1.2577770625782345	1.3488175903447406	1.3639338590966177	1.3625620279986606	1.3364822222361168	1.3493505352769717	1.4024911679182333	1.3923944128993466
26.125000000000000	1.4594868938272105	1.4627729290425850	1.4597025162536683	1.4972918303825935	1.5572895182833908	1.4679462302944934	1.4972078583556916	1.5414799377915473	1.5535826013160841	1.5493472533336270	1.5944255492040542	1.6955889664310129	1.6359344799971265	1.6508622594743281	1.5312241826939608	1.4628769047274330	1.5304833665788797	1.5898747816518328	1.5461816951720917	1.4485772494978046	1.3397601071560188	1.3358235671629521	1.3465109428660047	1.3929658918541428	1.4294114785681529	1.3230624494168390	1.3186405646907078	1.3467833644402036
25.875000000000000	1.4384260566026243	1.4023701962063322	1.4892520768866579	1.4785866004029820	1.4815902072849265	1.4529584375128701	1.4856470124177534	1.4901982988560523	1.5253256935860182	1.6194859034350499	1.5692346201666736	1.5156414855712250	1.4946342239647294	1.4132158618329591	1.4053925098692199	1.4472226485411770	1.5360701154539702	1.5163941505916874	1.5243680021395838	1.4542572524342301	1.4062598764388694	1.3531543801703085	1.3316321589163911	1.3695239012349090	1.3571866111963429	1.3348280727282080	1.3310498942245641	1.3399151438894505
25.625000000000000	1.4120592065393862	1.4346344687247257	1.4786658813572620	1.4192158379083211	1.4112323152413841	1.4033364916949305	1.4177067053305346	1.4778603142546001	1.4329533628279394	1.4660964660750220	1.5225421790716052	1.4738660504137788	1.4329965484659120	1.3775212171216635	1.4167399817156257	1.4543611521728055	1.5209776578553169	1.3837341966944021	1.3956578814435925	1.3420654058978119	1.3651492387403439	1.3148724063986839	1.3926175660660389	1.3858804769514581	1.3001956658801712	1.3444911324847644	1.2752475050325844	1.1838951739377594
25.375000000000000	1.4552933712875737	1.3908624665960236	1.3620441656261604	1.3585926772994243	1.4122919349309251	1.4147300655269668	1.3754843246344410	1.4201604164518287	1.4426510480564139	1.5306989349464106	1.5350678281783754	1.5289599996157943	1.5269404002641938	1.5532752008905979	1.5003803397868316	1.4741891237702189	1.5362503090737232	1.4287517242242320	1.3715209470861038	1.3766033254141665	1.3997237290199191	1.4741614511760925	1.4700437138560987	1.4304641814187775	1.3067554499405645	1.3573512003613881	1.3271090165587951	1.2210226121172709
25.125000000000000	1.4381538461359684	1.3630604720743076	1.3920727213645681	1.4123214736853549	1.4179029679760040	1.4297039557208926	1.3653193236747936	1.3816673634734513	1.5036357379820489	1.5304421040346219	1.5597577457904968	1.5653862304348389	1.5296384195810533	1.4089390051499293	1.3713643395764215	1.4058767437373276	1.4210403830895257	1.4376161904301037	1.4541221422601589	1.4758310118751650	1.4355983679966107	1.5251478987640703	1.4386679764863008	1.4457334395104477	1.4499428839704434	1.4268620942168682	1.3057290928236287	1.2562650583691357
24.875000000000000	1.3612116482988821	1.3621374054222550	1.3510037951657636	1.4051779900795278	1.4087360279670291	1.4296376935242670	1.3917045566568473	1.4363994129477138	1.4828956535449731	1.5101307405262316	1.5471222070733714	1.5511343349058553	1.4524101084332666	1.3282145217416226	1.2165170747176133	1.3129430068854497	1.4019483338466636	1.4628182776713197	1.4862225477096491	1.5171651953789316	1.5527284026455843	1.5726485339197809	1.5204868590305041	1.3919636092175476	1.3935907902868359	1.3333657236055847	1.4077962225180656	1.3003025892437803
24.625000000000000	1.4236641315269525	1.4560155796408469	1.4164123798956789	1.4448682793768506	1.4428378460664300	1.4731276766565999	1.4290536695059606	1.4357255228980605	1.5296901580888869	1.5591435764021615	1.5195671170659939	1.4766870597643889	1.4484882522634410	1.2991046304796521	1.2120274689300137	1.2636631525246811	1.2879281564020444	1.3707680843584999	1.4650253137280955	1.5160012236417966	1.6163133813226527	1.5284779669094473	1.4407229062745954	1.4327417586092628	1.3244384176271711	1.3029923289381575	1.3707060829723372	1.2066400865312326
24.375000000000000	1.4711200410209750	1.4493082410620848	1.4489353155862539	1.4656374939703010	1.4790162292472409	1.5570447693013398	1.5472989217644555	1.5668181294820100	1.6065896568506490	1.5351156649921571	1.4824180328647980	1.4333294599013424	1.4175545074727927	1.3582549040778216	1.3312005236223088	1.3402120755744784	1.3356389156517801	1.3897145577353238	1.4438649096269902	1.5422427322190271	1.4921229385729113	1.5300144865856495	1.4174028280614472	1.3174944629196081	1.3380248825684973	1.3097401643926598	1.2051061477776039	1.1465909244772321
24.125000000000000	1.5243125873861747	1.5061224475183481	1.5038298203325047	1.4833499387848545	1.5019397996620421	1.5807416429881429	1.5121207950514326	1.5330872497843129	1.5251166976579371	1.4935806551732278	1.4890892972086833	1.4142029206039657	1.3783424482329620	1.4351632109890593	1.4473061915593941	1.4327708107109038	1.4504024874974357	1.5031846017033559	1.4963205382188651	1.4738258835030222	1.4440099724741728	1.4003536816826214	1.4410104207358896	1.3866441184973968	1.3926236099387264	1.3387525355846082	1.2037835052586181	1.2540211522221143
23.875000000000000	1.5052651065453966	1.5031039562701003	1.5236202602970921	1.5169439129935314	1.5249953226345545	1.5176116241948632	1.4327797365053228	1.4984004821538170	1.4796231039557495	1.4719421573371119	1.5155466058150933	1.4347093847877417	1.4298547988154939	1.4628521559316943	1.4942083859232895	1.5362629341488920	1.5074234765688679	1.6024551449533633	1.5832513749815185	1.5587270223530707	1.4932578109575860	1.4463628565233788	1.4364122977636016	1.5032679633988424	1.5099124614862580	1.4204827124461525	1.3580506855027064	1.3635198524479675
23.625000000000000	1.5221026866910219	1.5439419082217183	1.5471290019692658	1.5308885445790643	1.4698967659848907	1.4662372826336207	1.4860879723582490	1.5061343939319247	1.5533583958252379	1.5265201928552397	1.5047930552700688	1.4648301182435988	1.4775356587479533	1.5094482521828725	1.5591453701967459	1.5367055132862997	1.5750874660514538	1.6272266455430697	1.5603527050087325	1.5336361688449014	1.5620097891693245	1.5866187259193452	1.5414143646137219	1.5602180524919087	1.4578474866543034	1.3059689034327271	1.2612346656515669	1.3334273019843133
23.375000000000000	1.5562687336527772	1.5525771191881763	1.5643647940161900	1.5583984148755738	1.5082114152972854	1.5190828043566660	1.5228503713346300	1.5236657894347521	1.5424388518346914	1.4890315492728201	1.4890285121805449	1.5261412922640258	1.5268951320268411	1.5055086449309472	1.5922973731557908	1.5511929154900950	1.6086421135533642	1.5947579237538525	1.6156475803661057	1.5022446374573759	1.5829730838834126	1.5783430258872229	1.6206086461408860	1.5374072659855766	1.3487992712116315	1.2382376220543914	1.3028678435622199	1.3905180916970450
23.125000000000000	1.5360775892051834	1.5555497579236737	1.5771357091770717	1.5230828316217040	1.5165354004667693	1.5142648074261507	1.5017690364128238	1.5117177604652450	1.4899902721562104	1.5191621149388665	1.5338085259063567	1.5656229064953515	1.5709251945886618	1.5067527934835077	1.5660754727122221	1.5992160621090981	1.6014100283067896	1.5878873676898659	1.5536172295093937	1.5264345153706358	1.5964000616731073	1.6055275816000256	1.5856466105636620	1.4965124416482591	1.4082431427903301	1.3099225219002124	1.3698087707308868	1.4238378146440944
22.875000000000000	1.5333470746830198	1.5238352269178819	1.5259901771302324	1.5350217721901112	1.5284294446375966	1.5226372929132641	1.5272548922613873	1.5009734636747765	1.4977364186389330	1.5248290821637778	1.5248723354144782	1.5074502959868266	1.5353310001357634	1.5585601264028401	1.5800569367771047	1.5942329056374349	1.6264742969026618	1.6128938748141759	1.5914376876501923	1.5642906138229340	1.5555922729586305	1.5466026938651292	1.6094089121134814	1.4335249046809675	1.3931627186281434	1.4220485149074140	1.4350368326683158	1.4950515932829433
22.625000000000000	1.5180544421542228	1.5139874440690890	1.5211246427382905	1.5496093428276168	1.5540281963318445	1.5564694529141119	1.5336319737643207	1.5211301746791159	1.5126091094398437	1.5230621386874210	1.5263974618221152	1.5216970139605086	1.5445744894928335	1.5804461019732425	1.5902561077645578	1.5655454583962185	1.5563719715452335	1.5892216809491286	1.5884845017715334	1.6234150352624621	1.6481488444126766	1.6272227943054640	1.6007245924250151	1.4862295286122864	1.5065636136509997	1.4855480797193266	1.5220927117002716	1.5457808501534043
22.375000000000000	1.4940767753168318	1.4931470344905529	1.5391937433473801	1.5371537733456220	1.5706272889963817	1.5712972777045016	1.5259953390133913	1.5166788671841382	1.5229323894629498	1.5437140832361627	1.5570462378550851	1.5911805147272051	1.5376349810120842	1.5726058202229536	1.5484493469800549	1.4982062128557736	1.5159636272515251	1.5637768530797937	1.5944592549589012	1.6333382823608322	1.6493527283802110	1.6205490675318814	1.6906393081043944	1.6401107737456855	1.5748945147747488	1.4601663490750758	1.4305029048644671	1.4235511426106953
22.125000000000000	1.4962300124801693	1.4874110690494560	1.5091409660790671	1.5252105757412349	1.5310801179240701	1.5629455137697921	1.5134285890287944	1.5489529096823234	1.5294923761736978	1.5442350385704786	1.5583469379441264	1.5399859873175146	1.5602366323779178	1.4907129327349065	1.4800491007181333	1.4894738557950475	1.5152112025990581	-999.00000000000000	-999.00000000000000	1.6307182663780933	1.6947668051884757	1.7285021311506363	1.8431541818295101	1.7566286829081574	1.7196381365609708	1.6663824859508440	1.5949547477924253	1.6344473379157214
21.875000000000000	1.4850940948299598	1.4837693348296830	1.5070412236859643	1.5387465442686528	1.5676606009865854	1.5359385743145082	1.5208708337829759	1.5384373160971299	1.5592102536625587	1.5472966015804595	1.5232058787459737	1.5241233194500570	1.4559861607485787	1.4775396604772886	1.4766995734246922	-999.00000000000000	-999.00000000000000	-999.00000000000000	-999.00000000000000	1.6334573975621460	1.6058301282020015	1.7132251467919009	1.6694964735075219	1.7415661175921013	1.7279856492860770	1.7572540092964659	1.7402028158148299	1.7893633680659129
21.625000000000000	1.4746571072019399	1.4771506323832042	1.5180488071316418	-999.00000000000000	1.5557722926448072	1.5359001416404978	1.5536420335085497	1.5618474099531177	1.5601673302039059	-999.00000000000000	-999.00000000000000	-999.00000000000000	-999.00000000000000	-999.00000000000000	-999.00000000000000	-999.00000000000000	-999.00000000000000	-999.00000000000000	-999.00000000000000	1.6502048521919970	1.5488519205334750	1.6909300506970992	1.8038100537681343	1.8570837755693772	1.9092193719509123	1.7809922251026238	1.8299769173969112	1.7979212487879350
21.375000000000000	-999.00000000000000	-999.00000000000000	-999.00000000000000	-999.00000000000000	-999.00000000000000	-999.00000000000000	-999.00000000000000	-999.00000000000000	-999.00000000000000	-999.00000000000000	-999.00000000000000	-999.00000000000000	-999.00000000000000	-999.00000000000000	-999.00000000000000	-999.00000000000000	-999.00000000000000	-999.00000000000000	-999.00000000000000	-999.00000000000000	1.6036281565461858	1.7153637111363305	1.8931208312185346	1.9024048656611725	1.8928407954907105	1.8561153247828035	1.8067946555380874	1.7227982122963468
21.125000000000000	-999.00000000000000	-999.00000000000000	-999.00000000000000	-999.00000000000000	-999.00000000000000	-999.00000000000000	-999.00000000000000	-999.00000000000000	-999.00000000000000	-999.00000000000000	-999.00000000000000	-999.00000000000000	-999.00000000000000	-999.00000000000000	-999.00000000000000	-999.00000000000000	-999.00000000000000	-999.00000000000000	-999.00000000000000	-999.00000000000000	1.6608675166365683	1.6676093968523154	1.7881397200755722	1.8496344453920868	1.8559366566979985	1.8098923417127497	1.7732036530762385	1.7833556564693815
20.875000000000000	-999.00000000000000	-999.00000000000000	-999.00000000000000	-999.00000000000000	-999.00000000000000	-999.00000000000000	-999.00000000000000	-999.00000000000000	-999.00000000000000	-999.00000000000000	-999.00000000000000	-999.00000000000000	-999.00000000000000	-999.00000000000000	-999.00000000000000	-999.00000000000000	-999.00000000000000	-999.00000000000000	-999.00000000000000	-999.00000000000000	-999.00000000000000	1.7283604578149836	1.8531214173251389	1.8830191378189425	1.8292108524493140	1.7056404411279587	1.7717114296657033	1.7571953981607715
20.625000000000000	-999.00000000000000	-999.00000000000000	-999.00000000000000	-999.00000000000000	-999.00000000000000	-999.00000000000000	-999.00000000000000	-999.00000000000000	-999.00000000000000	-999.00000000000000	-999.00000000000000	-999.00000000000000	-999.00000000000000	-999.00000000000000	-999.00000000000000	-999.00000000000000	-999.00000000000000	-999.00000000000000	-999.00000000000000	-999.00000000000000	-999.00000000000000	1.8401797081443334	1.9266321003437272	1.9058112100841544	1.7512105898715868	1.7736333350743414	1.8158688696034304	1.7274568723639740
20.375000000000000	-999.00000000000000	-999.00000000000000	-999.00000000000000	-999.00000000000000	-999.00000000000000	-999.00000000000000	-999.00000000000000	-999.00000000000000	-999.00000000000000	-999.00000000000000	-999.00000000000000	-999.00000000000000	-999.00000000000000	-999.00000000000000	-999.00000000000000	-999.00000000000000	-999.00000000000000	-999.00000000000000	-999.00000000000000	-999.00000000000000	-999.00000000000000	-999.00000000000000	1.8451197279532427	1.8321013209019046	1.8549170288778152	1.7495047105792421	1.8010454066712362	1.8061483856301299
20.125000000000000	-999.00000000000000	-999.00000000000000	-999.00000000000000	-999.00000000000000	-999.00000000000000	-999.00000000000000	-999.00000000000000	-999.00000000000000	-999.00000000000000	-999.00000000000000	-999.00000000000000	-999.00000000000000	-999.00000000000000	-999.00000000000000	-999.00000000000000	-999.00000000000000	-999.00000000000000	-999.00000000000000	-999.00000000000000	-999.00000000000000	-999.00000000000000	-999.00000000000000	-999.00000000000000	1.8915281558726444	1.8437205417309590	1.8550689672355196	1.7504367028549912	1.7538426370566167
