xmlns:cpt=http://iri.columbia.edu/CPT/v10/
cpt:ncats=3
cpt:field=prcp, cpt:C=1, cpt:clim_prob=0.33333333333300003, cpt:T=2019-07/10, cpt:nrow=32, cpt:ncol=28, cpt:row=Y, cpt:col=X, cpt:units=probability (%), cpt:missing=-1.0000000000000000              
	87.125000000000000	87.375000000000000	87.625000000000000	87.875000000000000	88.125000000000000	88.375000000000000	88.625000000000000	88.875000000000000	89.125000000000000	89.375000000000000	89.625000000000000	89.875000000000000	90.125000000000000	90.375000000000000	90.625000000000000	90.875000000000000	91.125000000000000	91.375000000000000	91.625000000000000	91.875000000000000	92.125000000000000	92.375000000000000	92.625000000000000	92.875000000000000	93.125000000000000	93.375000000000000	93.625000000000000	93.875000000000000
27.875000000000000	28.438012996729370	26.406304694350482	28.655889775830673	27.750484760721037	25.886097890378650	28.647884600931491	30.857868961961003	30.472599591295264	29.113441356042941	31.714509843895485	32.007063095409649	35.023235549052288	36.203512051028099	38.222952716439536	38.936059646497789	38.237356016636191	31.626965194604011	36.874050140049739	36.854827622343912	34.608765900611942	35.385892777803150	37.302145135336787	36.894084316278708	34.124667407946333	35.010845533081906	37.496118561757378	35.081951783971562	33.229298599994678
27.625000000000000	30.739958911907308	27.809862669241951	25.032393085184410	25.472739540186012	25.118558788312100	30.682081524979552	30.136445272686728	30.666252999932070	31.712985889336025	32.601791013325723	33.059849367178472	34.560044098269145	36.256053635381335	35.496344366655478	36.592174279188484	36.349210270252797	31.959661239058747	33.813715951472005	32.304620501279402	35.204105473828847	35.529729007343249	37.769260443471822	35.705662313563849	33.553836007326893	35.095812235966790	40.043593866234836	40.996949646632387	44.785426301607359
27.375000000000000	30.648279773668406	27.585561078009420	26.891272270006155	29.267849889575757	28.060649902653225	33.695643340208747	34.214563588132350	34.919572796481347	36.363880598513063	34.552929691774494	35.386003316939622	36.624349545563661	37.965470260651266	38.392880823279860	39.580250225993829	38.785521516413255	34.932588786115431	38.536961251471993	33.390533689423791	37.159384199701726	38.703361731109844	36.232849582989680	36.180682031296804	37.156697718448314	38.949161327215890	40.620707677105550	41.391975826327091	44.813505199550697
27.125000000000000	28.291603019768544	28.512609329559950	29.083647898800464	30.758859103879217	34.008516851214267	36.187761940408002	39.219343038698675	35.565806367467317	37.445491009019506	37.787936000554488	37.647106443491850	40.944707673056378	39.324313736974716	39.063989998699242	39.110198491769268	36.680061374985570	35.245016404713468	35.444144632632458	37.754200955730745	36.931289247710843	38.990967491062811	41.225349800302070	40.554002798495588	36.708741483854503	37.340474844446625	37.155144382930807	38.324406685582510	40.291504635519338
26.875000000000000	30.206226446350087	29.894506356844374	30.876876151472814	30.958719165714569	31.670236380623294	32.870747294632537	36.873788538508691	33.543557133253259	32.491633145359259	34.362923008591196	37.906323470587907	39.827080043782658	38.101214949379539	38.432458062967271	39.328828765088943	38.890679523376171	34.643937112915467	36.356873133142528	41.094147792443117	39.978580793703109	39.860542860558226	38.797009430228904	37.913207059201156	36.632566543106407	34.923990572921170	39.336965745370001	40.638328452535852	38.778149163633138
26.625000000000000	31.666059034803169	32.432422753742401	31.281254545546929	29.259120048298328	29.553793450872874	28.831708961248040	25.268885706147600	26.924370909706212	27.974657285335212	28.553714121316219	30.570594617622390	31.775504698250728	34.511776282224233	38.087607161625868	38.789281223303163	39.000690260620274	35.113690369933821	34.866113677563902	31.126157730998756	31.390194453519825	32.853932134014926	35.778981449643311	35.834240724888005	34.969599401568956	33.183063362832172	37.590259722687748	37.151361576729990	36.554580804033861
26.375000000000000	29.499577504843828	28.220187312631921	28.740787757170139	28.744680978693694	28.761294173717687	27.524775093589653	26.551918010078865	24.739934174431440	25.759823494835771	25.067092963454684	26.230545411402034	28.580583923635700	29.508427932410257	31.098531143679722	36.008638326319911	33.905015806524759	31.895414506046734	27.280348710796659	26.766840308071281	25.154360424169340	26.089277947850761	31.362050365895684	34.332819010066657	33.270959719256254	31.130008879805644	31.362262524093026	33.686949488887635	35.161259657707333
26.125000000000000	27.087512801279374	26.599790046039274	26.964668942125527	28.288993477110139	28.413703589095647	24.331258635787378	24.821986861138768	25.233300692807774	25.234440116101283	24.495540634904387	25.479968948547977	27.707005404501245	26.704118550652495	28.352156993076534	29.260255329946588	30.649214767405013	29.836864387580448	29.068786433273814	27.108620630258727	26.333720630120666	27.612938489888350	29.108866664069552	27.326585953143592	28.112776412899152	29.100346829971926	28.739008574970654	29.789996441735894	31.933783327894687
25.875000000000000	25.257878847564470	24.194827567720623	25.941055453912142	25.224385348845374	24.112365098566528	22.100884665081750	22.740817469990944	22.620305603266473	24.179705559974778	25.502437675605023	24.414186935716373	22.201986961364724	23.215472588879010	22.650786169949569	26.683293886888293	28.757645508570093	28.847291757861981	28.271045149755963	25.543294338935780	24.650280613153370	27.769749781978803	25.698015396793309	25.284019426104720	26.455993381301894	27.288253152661341	26.972691748732231	24.848352180689034	25.686705890801164
25.625000000000000	24.060456887278207	24.282190071104310	25.124413135981570	22.490192358450528	21.135446049519672	19.830246384710279	19.964043375230986	21.141168308340824	20.006346254665118	20.944136696805728	23.438249579577857	22.780054290731371	24.893424516544499	26.119298793168625	27.325357477051185	28.093756045475445	28.746688673690770	27.240098617981218	24.534040108747703	26.515372428808675	24.955803047957474	24.026930820946532	26.393939046018900	28.137810628252112	26.980195998724255	26.474718422707994	24.567838338006382	23.593372855656483
25.375000000000000	23.412892889635287	21.650458209965834	21.111773023530247	19.962870504253544	19.907945855923188	20.064039156789377	19.568626483490775	20.814913689619345	21.377740183791175	22.910671867999199	24.211276354532458	24.247335614157947	27.058061353889030	29.481031014524433	30.363172612027370	32.100161962826164	32.901890651699574	29.958454438185314	29.674696529281846	29.831336475830298	29.627940642524592	28.095496392410809	29.665862299241212	29.453183125368582	26.291100480075841	25.324632767866234	25.241227036512967	26.005561981225696
25.125000000000000	23.437748724057201	20.650177611111459	21.018873657290811	20.645445365628433	19.775636522308403	20.191604749550862	19.368266713262130	20.232827781040967	22.246066686343298	22.756848438197594	24.880039083967901	25.629402083059716	27.385667459572488	28.160162828128023	28.989654322331575	31.460001357330569	33.304031653975457	31.720482609788263	31.348835308402400	32.914277044274584	30.800757878547145	31.093563946097817	29.919324861202384	30.685318104075620	28.664563428414809	25.557114893892560	23.662164951533910	24.573087688240719
24.875000000000000	20.430236266987365	20.527778092315657	19.535816946352611	19.370784471958586	19.360332884238659	19.768408748459692	18.287712142728779	19.772028611231349	21.467755522682978	21.971780927336823	24.422446698988864	26.582719714737834	26.307234862675216	28.020788320554345	29.427822733604188	30.832926477033951	32.787650370130848	31.683451598427510	31.092149866672642	31.731120260157923	30.077534174959212	30.831046578447712	30.034591027572290	26.680629862244842	26.550942346921829	24.039773284128984	24.060167643438845	25.143259063957558
24.625000000000000	21.613112434327050	21.300198382784060	21.288920759044629	21.396282798836523	20.450018187963124	20.138401048942541	19.141772023465265	19.715216770862980	22.567650863347311	23.479198172464947	25.139672844015607	25.271003589273818	26.366453901887880	28.349715975924582	28.921927183108338	30.878027056033915	31.346118188550093	29.352509942082932	29.307262327641425	29.198947795659663	28.823884590534078	28.791105463549613	26.855000462422097	26.266632293293910	26.298433383980395	23.665038595737059	26.053914617953282	25.335592740523765
24.375000000000000	22.479387623151425	21.441329125831771	21.060930882366463	21.244028661551894	20.909780509750959	22.205047994173412	22.334790938820518	23.712503372757212	25.187490894896783	27.376831987023721	26.446672716365669	26.079348476195932	26.302283924455637	27.211722607712630	28.239931651748876	29.936165793796164	30.912977735986843	28.760747250193361	30.133247758530572	32.967551056520094	31.221661336734996	25.961723337672979	23.391988031726456	24.465804917636149	26.463101770038989	24.296902070718062	24.254710325823311	25.425084407867445
24.125000000000000	25.648244272708908	24.589942213986959	23.066842973719929	22.433126948146025	23.050563382385391	24.831446331886070	23.753930391422728	25.112758830695142	25.949733693129716	27.425618611488957	27.794807772103553	25.703540124689155	25.697031864781920	27.893764641929081	30.427986111124156	32.017904097865497	32.106299366900188	32.095947501204535	32.173701934865846	31.780982405220001	29.110575833678240	26.812903768038552	25.164692303259017	26.830727198716772	25.825194503308140	24.140533473386611	23.958346061943786	27.752788940530863
23.875000000000000	26.437287559120819	26.240526697632149	27.284543250955380	24.991552866097209	25.222195902251372	25.456945585586226	24.284410011307443	26.941349027182440	27.907713117568505	27.991398233432534	27.130099290543058	26.105185321463622	27.745905881276030	29.313002273151852	31.314614204893545	32.828828473222330	32.914712697217936	32.526631916280152	31.626344345580549	29.886870507724765	26.854490395272748	25.945638335393653	26.002827582933890	26.822228235428099	26.589736724111489	23.957638848621372	25.543348309420253	28.847879853917348
23.625000000000000	30.907201439803700	31.829597655174439	30.612833694777123	29.025565555075815	27.582239735027315	26.862281323338962	25.933821572543479	26.513814633063888	27.105990917257429	28.307915154241911	28.298787442393518	27.846193919908941	28.255480643050589	28.101309775752100	29.029272879894734	30.428745971501513	32.528090815971183	32.596190080811638	29.901399888524423	29.113872878239903	28.117057003521865	26.888289546890221	26.421731378991751	25.467785166404596	24.472265149682656	23.304339948696381	24.178194489793697	26.942964913879266
23.375000000000000	33.911493939353704	34.369341032893502	33.352856661882953	33.489123819050889	30.513180430281878	31.037860795635567	29.553094328278902	27.302629873402068	28.634377525793766	30.675263505372868	30.508415084069014	29.484594345980724	28.614190747748850	28.749526733552742	31.287879275158318	32.616965649476157	33.672540423008783	31.259446717099166	29.784576746207165	29.452916244281724	29.502928373744908	27.107651787328493	28.547966076501879	26.645363450703542	23.252366705991662	22.772825221454895	26.043016477798957	27.925377571557803
23.125000000000000	36.314126524957445	36.700859095284102	37.379250438921588	34.270077200497312	31.648775308627037	29.610048226120583	29.259053065403407	29.234000638419829	29.705433707609004	28.477639828638218	29.962582712624240	28.240278503111739	28.998920611128497	28.191445680652421	29.305176864577462	31.872803252384145	32.523977334810468	32.289088014499015	29.860338293097840	28.305641856615992	29.905604550595115	27.914074868263938	28.198081788583366	27.056986904822253	24.329998621309215	24.435104304144730	26.587307264952415	28.311213980729448
22.875000000000000	34.475284416323078	35.073330673088421	34.365779139155904	35.245224036908752	33.341683135212421	31.991817071041879	32.614188003971378	31.492294799875381	31.571760369349960	30.780960193527235	30.962298053069674	29.776638763058116	31.956417359120962	28.603840175725480	29.691998963764433	31.125460575347489	32.324362702722013	30.482897350673710	28.751782103862709	28.328749628493014	26.978938135875353	26.228594029476810	26.147965212203019	24.382004585355403	24.613911089148345	25.113064846838952	24.803953376789579	27.618600030343430
22.625000000000000	34.627928592804366	35.719351376507859	36.285427239480349	34.067334536365905	33.807721616533570	33.738191733134769	33.127486603921412	32.242382525865892	31.738906393076121	33.064697663155755	32.735227274240358	30.743255085186235	31.843445607582694	29.496977515858291	28.951155152448720	28.835296204304768	28.911157037927367	30.485117442975991	26.748575289862814	27.945601395552529	25.786990159814408	24.392728695711483	22.917741711556289	22.752301912748948	24.333745186895086	23.878123450303221	25.307281769531031	26.942737632538154
22.375000000000000	33.800258285322357	35.916556676339923	35.583948535429187	34.528244496770483	34.008238808855836	35.853484176034200	34.814305829199313	33.039394676089202	33.051386126014521	33.854160181693871	33.253794409571157	30.470783532480255	29.106266230628890	28.531791933667421	27.788266699100006	26.224142466750607	27.598981218256384	28.292680915692515	30.474592876417034	25.411772746271822	24.451467468803997	22.885881205359524	22.239360980960797	23.301286914969026	24.015431289517579	23.047643307948704	23.212706986152867	24.149213551487705
22.125000000000000	35.596033269157999	35.084122418466350	35.728806709045145	35.518608924136387	33.676824008578720	33.048285974327626	32.502288044235598	32.927717372601606	31.750162345713932	30.178517334204415	29.120432944560960	29.117249967336704	29.869443304972748	27.018606920974804	26.491576024532378	27.528471242400457	26.200762535957352	-1.0000000000000000	-1.0000000000000000	24.342552454622009	25.971493094003435	25.244925507997934	23.498984619570734	22.949881961638170	23.189046620005556	23.907223794255586	22.914204173071127	22.589458028402120
21.875000000000000	38.261913010117297	35.814820074821768	33.685118191887511	34.269627272426348	33.618863347958623	33.210132672966623	33.468666624372247	35.026138158301961	32.893034401500572	31.854816096777910	30.058347359678834	29.394004722254664	31.554329899756098	28.847097308924845	25.744018045691831	-1.0000000000000000	-1.0000000000000000	-1.0000000000000000	-1.0000000000000000	26.134669119558467	26.205310492779873	24.829409319821679	22.257098665955681	22.660352882947905	23.413350374719968	24.163383749983197	24.065683681718681	23.706463672228935
21.625000000000000	38.579885479900696	36.100430829503715	35.954542258204825	-1.0000000000000000	36.634472982110687	37.497105430257037	38.445438800945197	34.810263973117401	33.065099001151864	-1.0000000000000000	-1.0000000000000000	-1.0000000000000000	-1.0000000000000000	-1.0000000000000000	-1.0000000000000000	-1.0000000000000000	-1.0000000000000000	-1.0000000000000000	-1.0000000000000000	24.029747778423427	23.768986625904674	22.424811928329760	22.291279792986174	22.844272016316992	23.617350212200392	24.029613991253910	25.263138474144014	25.006534559438336
21.375000000000000	-1.0000000000000000	-1.0000000000000000	-1.0000000000000000	-1.0000000000000000	-1.0000000000000000	-1.0000000000000000	-1.0000000000000000	-1.0000000000000000	-1.0000000000000000	-1.0000000000000000	-1.0000000000000000	-1.0000000000000000	-1.0000000000000000	-1.0000000000000000	-1.0000000000000000	-1.0000000000000000	-1.0000000000000000	-1.0000000000000000	-1.0000000000000000	-1.0000000000000000	23.488202254689455	22.329677173513005	23.410958510770115	23.493107001962116	24.155907244760755	24.120634286852678	23.157624977136550	23.155232736616824
21.125000000000000	-1.0000000000000000	-1.0000000000000000	-1.0000000000000000	-1.0000000000000000	-1.0000000000000000	-1.0000000000000000	-1.0000000000000000	-1.0000000000000000	-1.0000000000000000	-1.0000000000000000	-1.0000000000000000	-1.0000000000000000	-1.0000000000000000	-1.0000000000000000	-1.0000000000000000	-1.0000000000000000	-1.0000000000000000	-1.0000000000000000	-1.0000000000000000	-1.0000000000000000	22.711249127530195	21.518597447563906	24.288624956037197	24.472458068094696	23.517631072106894	23.106028664317307	22.757204218654195	23.852806619060402
20.875000000000000	-1.0000000000000000	-1.0000000000000000	-1.0000000000000000	-1.0000000000000000	-1.0000000000000000	-1.0000000000000000	-1.0000000000000000	-1.0000000000000000	-1.0000000000000000	-1.0000000000000000	-1.0000000000000000	-1.0000000000000000	-1.0000000000000000	-1.0000000000000000	-1.0000000000000000	-1.0000000000000000	-1.0000000000000000	-1.0000000000000000	-1.0000000000000000	-1.0000000000000000	-1.0000000000000000	22.151143846096872	24.997502583977706	25.187190150616729	24.063635828773940	23.405652603213639	23.068510873618209	22.913565489648505
20.625000000000000	-1.0000000000000000	-1.0000000000000000	-1.0000000000000000	-1.0000000000000000	-1.0000000000000000	-1.0000000000000000	-1.0000000000000000	-1.0000000000000000	-1.0000000000000000	-1.0000000000000000	-1.0000000000000000	-1.0000000000000000	-1.0000000000000000	-1.0000000000000000	-1.0000000000000000	-1.0000000000000000	-1.0000000000000000	-1.0000000000000000	-1.0000000000000000	-1.0000000000000000	-1.0000000000000000	26.901273945732513	28.320335554539227	28.290415125406781	24.804310306523263	23.636512380938342	23.045096022899656	22.913604766207442
20.375000000000000	-1.0000000000000000	-1.0000000000000000	-1.0000000000000000	-1.0000000000000000	-1.0000000000000000	-1.0000000000000000	-1.0000000000000000	-1.0000000000000000	-1.0000000000000000	-1.0000000000000000	-1.0000000000000000	-1.0000000000000000	-1.0000000000000000	-1.0000000000000000	-1.0000000000000000	-1.0000000000000000	-1.0000000000000000	-1.0000000000000000	-1.0000000000000000	-1.0000000000000000	-1.0000000000000000	-1.0000000000000000	29.517122073170839	28.758063317452851	26.735132421112425	24.652063532026872	24.485526714279573	25.187171126650313
20.125000000000000	-1.0000000000000000	-1.0000000000000000	-1.0000000000000000	-1.0000000000000000	-1.0000000000000000	-1.0000000000000000	-1.0000000000000000	-1.0000000000000000	-1.0000000000000000	-1.0000000000000000	-1.0000000000000000	-1.0000000000000000	-1.0000000000000000	-1.0000000000000000	-1.0000000000000000	-1.0000000000000000	-1.0000000000000000	-1.0000000000000000	-1.0000000000000000	-1.0000000000000000	-1.0000000000000000	-1.0000000000000000	-1.0000000000000000	31.258191288747412	30.372835038336973	27.327267374753930	26.680513658417510	26.897292725469924
cpt:C=2, cpt:clim_prob=0.33333333333400000
	87.125000000000000	87.375000000000000	87.625000000000000	87.875000000000000	88.125000000000000	88.375000000000000	88.625000000000000	88.875000000000000	89.125000000000000	89.375000000000000	89.625000000000000	89.875000000000000	90.125000000000000	90.375000000000000	90.625000000000000	90.875000000000000	91.125000000000000	91.375000000000000	91.625000000000000	91.875000000000000	92.125000000000000	92.375000000000000	92.625000000000000	92.875000000000000	93.125000000000000	93.375000000000000	93.625000000000000	93.875000000000000
27.875000000000000	25.917071768722707	26.119700791139273	26.026778798521164	26.129175460351789	26.597849407508264	27.054578986495883	27.137353321962344	27.108575507397383	26.638249975202086	25.811860579652482	25.635029016662706	26.432568202707756	26.960674101053051	26.328376181943675	26.651584230665087	27.029020135630326	27.355808689103149	27.704823566226572	27.640449373147625	27.583236062620124	27.742938481245353	26.680746060003031	27.392620554075229	27.762636792028133	27.420164889569804	26.445739722997587	25.982527290493024	25.626955672436587
27.625000000000000	25.995489357256041	25.280481463802651	24.798735682756700	25.233789677516000	25.477185508318712	26.407829194837177	26.307746017969436	25.677101353557283	25.278689021012262	24.703554699213527	25.586457854959598	25.544318546923385	25.400679476664870	26.663811898944971	26.521127967906359	26.305955710008121	28.085910879151648	27.741200747431463	27.063957557666271	27.024878780424928	26.716301528692107	26.754480874286806	27.145115345419136	27.877725728415960	27.304048877436244	25.319509253106148	26.097249869420480	25.460980129710350
27.375000000000000	25.618267495947848	24.723122508479321	24.915470404683035	25.475072793783085	25.277661957019461	25.478629600264028	25.031596005400473	25.256715284993945	25.197928163252911	25.541575377261999	25.807158922006955	25.417840095387227	26.080329361900617	26.136725151644782	25.729901547550767	25.990792996194827	27.993012474506820	26.874780586620048	28.228642609975601	26.447539779589611	25.967924837009505	27.148785473035062	27.644577445016239	27.327591241326772	26.879097057872151	27.198106025292013	26.824590817267421	26.080854722295708
27.125000000000000	24.665276506936877	24.676172722263331	24.669123430661962	24.969604770677577	25.640123405004047	25.575970706178687	25.579905660240023	26.175777082837712	26.397595617106674	26.625744740439011	26.584516949840896	27.167258146179080	28.233367504619700	27.396594377476482	26.989698242787910	27.490296247506507	26.953510517581478	27.656730708847867	28.235961483276263	27.837890971591420	27.338805799340150	27.257456590095430	27.613431419182042	27.752678281589567	28.125395751604486	28.757648105906988	28.758347020982129	27.924827316060668
26.875000000000000	24.576559667716197	24.589073475617177	24.643488772427666	25.237495201396371	25.154074144488057	25.568977221839951	26.277469717500651	26.440210390198942	25.729925675475904	26.507426615137646	26.727434089406039	27.167688820547859	28.120345084210840	28.340938892388621	27.545381253083946	26.901189843952707	26.526227913348677	27.181916724068770	27.471880528646199	29.338344941927708	29.511575833824750	29.458365686816066	28.280715858086637	27.934033785690062	28.354576501319194	28.455906616453177	27.831024335254043	27.709871786471524
26.625000000000000	25.232156250896232	25.267150707008021	25.952199483551070	26.291460218468643	25.911343963822766	25.714338403419006	26.237300224781308	26.078352328501701	25.385622484222715	25.575623168235587	25.427303734297411	26.150016681756249	25.706050723140919	25.969062049255250	26.175236295004169	26.092595703304298	26.491531816717760	26.579631056422585	27.474510334474530	28.357749408753456	29.345193207571540	29.528160527007707	28.371027485557484	28.026190485576173	28.064854661105599	27.950777739022023	27.664374580198896	27.444881859940949
26.375000000000000	26.172315324160586	26.524265018562005	26.570842531771994	26.073711335910623	25.904318881092358	25.929257870203628	25.720092300206325	25.225194600179769	25.205188155240698	24.923002295470809	25.167727849524269	24.729529853556507	24.885897097875102	24.910930515807557	25.334972258186966	26.284078991700206	26.357158727327274	26.101310422786142	26.071201630486811	26.182080578455647	28.344601431669631	28.220891333109812	28.264497309032663	28.230462156735584	28.326640246348035	28.215341844669837	27.856506560664457	28.005035902596468
26.125000000000000	26.426063221754610	26.283446119687959	26.396626293662173	26.318601152532942	25.807868297131144	25.623960785926570	25.495046562587994	25.211206850271296	25.105160652721771	24.929898276704634	24.822169396192464	24.542322541112583	24.788562660547811	25.020463198386146	26.185282192210877	27.010330954467072	26.282901752350377	25.648446934541838	25.636946590777718	26.356276028090214	27.753343805528445	28.065484899673699	27.621710270323163	27.293109419715762	27.104652758622144	28.143224471493681	28.353689209872599	28.296257842437520
25.875000000000000	26.177058126584797	26.227733216555563	25.872725411217431	25.782242365788157	25.427790288119638	25.008030746636159	24.933100669929246	24.847659887506914	25.047245837845004	24.620062834860271	24.732735005030662	24.461426083921424	25.014644983941196	25.602366320695687	26.866280377362237	26.873872753108706	26.072056130455813	26.141708396833671	25.447932769883302	25.850434592659361	27.091642624327797	27.168530659748562	27.292084533735235	27.182783403895264	27.499661251001065	27.671909662983467	27.176983779537544	27.308516991028256
25.625000000000000	26.087828529237868	25.931404989436189	25.753734904638279	25.483932738503739	25.035480260496598	24.540049302946457	24.458487275267714	24.392280063967817	24.327977237327623	24.420935405483633	24.834897210362875	25.057567743368601	26.128261945172206	27.017612545057645	26.894901230316492	26.683337341468345	26.188220704366827	27.211520815666177	26.398998509135779	27.489544552122240	26.839417940652858	27.110780647775485	26.928293967012955	27.370286095773807	28.057874610832222	27.453789583103038	27.729421202474015	28.560202748152385
25.375000000000000	25.452443411431254	25.451464230458782	25.533071521896083	25.063685267308770	24.486435136490243	24.533879065521184	24.700934648117297	24.811402913694565	24.824530539820095	24.582212782178573	24.969907841966737	25.035457120751595	25.796109591049095	26.028486640622006	26.627353046462588	27.064950112786377	26.582167039923533	27.242963536964872	27.775638858461171	27.745958295923046	27.481542002200371	26.496053253044344	26.805928247788508	27.150944900111888	27.826183393004797	27.024580478837422	27.330233520820180	28.771555065586519
25.125000000000000	25.627313778396157	25.325348650613392	25.181143495272181	24.816629064381459	24.369133002695143	24.443860621086152	24.710044890730217	24.945769868487375	24.586956318625212	24.530416297413694	24.951567250801673	25.109466710583085	25.843820052541815	27.140744191199474	27.670646735319579	27.651693826044429	27.656079570409489	27.370476592993938	27.175308343250229	27.118057178341061	27.288048997443177	26.499764839928460	27.141351085155399	27.176812988175307	26.831365966970388	26.371841286050426	27.097435691430491	27.956030200833624
24.875000000000000	25.248112856122717	25.281482701669603	24.942534830194390	24.303000140439252	24.262364660007947	24.250313972652364	23.887684062399423	24.186155421558311	24.477934136236271	24.424453464435985	24.927533837256114	25.472610360158122	26.312812112394369	27.958391128861180	29.483986863458547	28.547303103971686	27.806581383672970	27.129370544381196	26.848615996781938	26.641591611983600	26.124535294998985	26.057817770339561	26.400704245452673	27.002386992613019	26.955530495852869	26.909522603011496	26.130820499934146	27.603823872470997
24.625000000000000	25.105308493921513	24.664148336578698	25.046851675050675	24.810516781406037	24.431028998268623	24.004300200529812	23.955192911817569	24.166112076385531	24.469513972825574	24.525060551907245	25.381002440030919	25.812968856640786	26.365061276544914	28.341384660198180	29.464111756464476	29.104006570200013	28.876905313947816	27.734847451516551	26.796834298466543	26.310638822157891	25.386569812496859	26.129282523422589	26.554983545425117	26.494483657027239	27.630798804686656	27.129446662395111	27.072731157580769	28.781334388697360
24.375000000000000	24.975356944292585	24.785745634385520	24.633631522684858	24.549573259411552	24.285119764068646	24.096276554648533	24.229153914805266	24.534833085306360	24.640536227518339	25.793245822833128	26.061549543393120	26.442453453569364	26.653757680357131	27.472035928381679	27.966679717301894	28.141306535250983	28.311870122420899	27.443454688233636	27.121721718737000	26.535869221389028	26.809963566415909	25.506497574810147	25.817776404869690	27.215558846457768	27.521098243666763	27.251768448632610	28.493721978270266	29.595362155840597
24.125000000000000	25.476288814081926	25.345279805599517	24.879164667702319	24.843483893350857	24.890882648838712	24.757160347392883	25.032380443337487	25.252180562045559	25.547297032574839	26.179287508805665	26.297393045917353	26.536659966311014	26.901968932215951	26.829833971335106	27.128761012625176	27.445242115763435	27.286314415920728	26.802101549245670	26.870864267770337	27.037401772570540	26.964797604012119	26.947049228085348	26.126029456103240	27.091366231515735	26.787262871614139	26.881877934833852	28.419329100808184	28.751672884056823
23.875000000000000	25.848007023625556	25.819879087480167	25.875764876417080	25.363067029087638	25.355033199785417	25.485689322852252	25.950362544128524	26.028633707767291	26.408060870646267	26.496599175923357	25.914563752430595	26.435331642347975	26.852292779649460	26.818246021252641	26.801648615831944	26.576248376201271	26.834626372193213	25.996473497225821	26.063877377485355	26.044649163431210	26.056294932640604	26.281401270040014	26.392973055723971	25.956817519945211	25.841984232213946	25.970955166730931	27.075682209554685	27.728777218704607
23.625000000000000	26.503894955027249	26.418299524488404	26.247342396121951	26.148764576127441	26.433229799496232	26.311225225607728	25.900348883365922	25.858399578125315	25.573589307697524	26.058043428839596	26.251951038799042	26.534967069647713	26.495105623599343	26.171755106653812	25.902669179825523	26.313222558973536	26.221844578147973	25.803624428867195	26.032886733390797	26.139514635610631	25.710168620515169	25.238866435207008	25.519451399901008	25.111048152650369	25.763065153989146	26.976003874589345	27.778086421248211	27.680620799867583
23.375000000000000	26.480912630344108	26.536059022667956	26.377259598516261	26.436642672277650	26.576969930550995	26.546612933567133	26.306781246648399	25.879282461519821	25.977993642292574	26.771753883242056	26.750085990681065	26.266696231941964	26.111598153323264	26.328091546587956	25.950124983306559	26.430819197738636	26.036482679985959	25.926421320640785	25.552623926237899	26.476068596239102	25.778719714011430	25.358724427879764	25.301058755435264	25.608240266258093	26.484459585652999	27.590338903168387	27.809726061624488	27.282019288893601
23.125000000000000	26.726672188847793	26.566852406015776	26.388667850138965	26.782048332436958	26.638490277006262	26.392372266013346	26.449056757194263	26.354936515078322	26.627189923998685	26.155629076186855	26.272390923624499	25.703018319588828	25.796472151374502	26.213655783157549	25.889752132474008	25.958715203268966	26.004733131435117	26.093640114266947	26.084632454662419	26.058375406039637	25.729525710070646	25.301924757673163	25.524440317336072	26.071981223900785	26.209449262530406	27.291379944742097	27.210621556044302	27.021011205505395
22.875000000000000	26.703509963942537	26.807179847993446	26.761522951588347	26.717125839978813	26.681971176667993	26.619864204916539	26.636512717414540	26.760353803217441	26.798048089679732	26.463952777446963	26.486259448337911	26.479204326020536	26.505625794475826	25.832158981326991	25.833279966069945	25.914554523407190	25.784149139080753	25.677622089638142	25.579494255869989	25.731415479745650	25.525594398098519	25.426522232216655	24.870621086326025	25.972661745335671	26.448251093081865	26.298850280085730	26.082453310279739	26.206252927672217
22.625000000000000	26.841111025012566	26.906910418317388	26.852396793712451	26.545625322828108	26.493620914063548	26.468876624916312	26.621882978619603	26.657047032333395	26.682732255150398	26.708763840340374	26.654042612963565	26.486812203752699	26.414286205146553	25.799043341198207	25.624822258346214	25.813767630958800	25.906094799844659	25.872934708225138	25.190783191629933	25.161285414169640	24.463125807938120	24.240823252517252	23.981446679493160	24.931752585293438	25.264448687777417	25.317065500354509	25.404566025270434	25.603153603435153
22.375000000000000	27.011567991834220	27.089981849557226	26.690382397721500	26.673442369263569	26.366834694682069	26.430358472397224	26.779974604675068	26.762605930649045	26.708903253026158	26.583516309780450	26.431621218647315	25.854666760753460	26.103014309852448	25.698372090889571	25.762121591610246	25.860846893365476	26.011566198950973	25.728949999860205	25.827979930274338	24.482590789579724	24.080018366494073	23.806878012070335	23.022341316433049	23.790053477430803	24.561770337028271	25.281550371537591	25.626842423009506	26.000270817218905
22.125000000000000	27.058465052796308	27.124299591583821	26.948736182059335	26.807160073486152	26.680849265168085	26.366674838162766	26.748033563762348	26.475500676139411	26.535322205324675	26.212652315686952	25.925138200909799	26.084233760463171	26.029064231218044	26.116973442054125	26.094477282585871	26.238966170540962	25.699722929224968	-1.0000000000000000	-1.0000000000000000	24.197257189221069	24.145696340010844	23.697903557303498	22.363890999309845	22.783962713108288	23.136632069308362	23.778110281321439	24.028388189310526	23.589688831526978
21.875000000000000	27.129300085648360	27.171050340704895	26.890333053631018	26.647974621393239	26.367773852048813	26.608045773572030	26.755963945710491	26.681569164992055	26.385873994779459	26.392065982099837	26.380001427730896	26.270080623072445	27.179826828907210	26.602504712365224	25.939425902207340	-1.0000000000000000	-1.0000000000000000	-1.0000000000000000	-1.0000000000000000	24.670275960169896	24.914617625099737	23.695396090654498	23.191870957144531	22.792996081235209	23.149026638782075	23.172400823444143	23.266796333048205	22.800434757677891
21.625000000000000	27.206408544245534	27.232048216586080	26.875572919526149	-1.0000000000000000	26.564965248811937	26.721866663802899	26.553192882012695	26.477969046934653	26.391310227686112	-1.0000000000000000	-1.0000000000000000	-1.0000000000000000	-1.0000000000000000	-1.0000000000000000	-1.0000000000000000	-1.0000000000000000	-1.0000000000000000	-1.0000000000000000	-1.0000000000000000	23.944462118684527	24.709195997718282	23.087521632230477	22.219215780883083	22.053103391575810	21.969623152565347	22.961049302712063	22.979666724025044	23.130133893580137
21.375000000000000	-1.0000000000000000	-1.0000000000000000	-1.0000000000000000	-1.0000000000000000	-1.0000000000000000	-1.0000000000000000	-1.0000000000000000	-1.0000000000000000	-1.0000000000000000	-1.0000000000000000	-1.0000000000000000	-1.0000000000000000	-1.0000000000000000	-1.0000000000000000	-1.0000000000000000	-1.0000000000000000	-1.0000000000000000	-1.0000000000000000	-1.0000000000000000	-1.0000000000000000	24.150159771353522	22.868534424747715	22.006460756210956	21.973369322125748	22.242153751976566	22.472498132558620	22.499609811378008	23.101701407309186
21.125000000000000	-1.0000000000000000	-1.0000000000000000	-1.0000000000000000	-1.0000000000000000	-1.0000000000000000	-1.0000000000000000	-1.0000000000000000	-1.0000000000000000	-1.0000000000000000	-1.0000000000000000	-1.0000000000000000	-1.0000000000000000	-1.0000000000000000	-1.0000000000000000	-1.0000000000000000	-1.0000000000000000	-1.0000000000000000	-1.0000000000000000	-1.0000000000000000	-1.0000000000000000	23.422609926270937	22.926856888443780	22.989614187052673	22.621496718574505	22.284456613031132	22.460914559247186	22.598765969327367	22.889155160344814
20.875000000000000	-1.0000000000000000	-1.0000000000000000	-1.0000000000000000	-1.0000000000000000	-1.0000000000000000	-1.0000000000000000	-1.0000000000000000	-1.0000000000000000	-1.0000000000000000	-1.0000000000000000	-1.0000000000000000	-1.0000000000000000	-1.0000000000000000	-1.0000000000000000	-1.0000000000000000	-1.0000000000000000	-1.0000000000000000	-1.0000000000000000	-1.0000000000000000	-1.0000000000000000	-1.0000000000000000	22.706833508664488	22.749469547806029	22.604477187855835	22.636303908480720	23.313891879258406	22.716081286942249	22.767430309841913
20.625000000000000	-1.0000000000000000	-1.0000000000000000	-1.0000000000000000	-1.0000000000000000	-1.0000000000000000	-1.0000000000000000	-1.0000000000000000	-1.0000000000000000	-1.0000000000000000	-1.0000000000000000	-1.0000000000000000	-1.0000000000000000	-1.0000000000000000	-1.0000000000000000	-1.0000000000000000	-1.0000000000000000	-1.0000000000000000	-1.0000000000000000	-1.0000000000000000	-1.0000000000000000	-1.0000000000000000	23.323648747029594	23.060879608743505	23.187692735433252	23.406534686062216	22.889512202149582	22.399270699933652	22.984868128473281
20.375000000000000	-1.0000000000000000	-1.0000000000000000	-1.0000000000000000	-1.0000000000000000	-1.0000000000000000	-1.0000000000000000	-1.0000000000000000	-1.0000000000000000	-1.0000000000000000	-1.0000000000000000	-1.0000000000000000	-1.0000000000000000	-1.0000000000000000	-1.0000000000000000	-1.0000000000000000	-1.0000000000000000	-1.0000000000000000	-1.0000000000000000	-1.0000000000000000	-1.0000000000000000	-1.0000000000000000	-1.0000000000000000	23.810471486206005	23.764641361674222	23.185606804406135	23.374854283772045	22.957861188078006	23.123044319216376
20.125000000000000	-1.0000000000000000	-1.0000000000000000	-1.0000000000000000	-1.0000000000000000	-1.0000000000000000	-1.0000000000000000	-1.0000000000000000	-1.0000000000000000	-1.0000000000000000	-1.0000000000000000	-1.0000000000000000	-1.0000000000000000	-1.0000000000000000	-1.0000000000000000	-1.0000000000000000	-1.0000000000000000	-1.0000000000000000	-1.0000000000000000	-1.0000000000000000	-1.0000000000000000	-1.0000000000000000	-1.0000000000000000	-1.0000000000000000	23.763389098571302	23.954940842192578	23.319508451839582	23.903441302271219	23.929267920831457
cpt:C=3, cpt:clim_prob=0.33333333333299997
	87.125000000000000	87.375000000000000	87.625000000000000	87.875000000000000	88.125000000000000	88.375000000000000	88.625000000000000	88.875000000000000	89.125000000000000	89.375000000000000	89.625000000000000	89.875000000000000	90.125000000000000	90.375000000000000	90.625000000000000	90.875000000000000	91.125000000000000	91.375000000000000	91.625000000000000	91.875000000000000	92.125000000000000	92.375000000000000	92.625000000000000	92.875000000000000	93.125000000000000	93.375000000000000	93.625000000000000	93.875000000000000
27.875000000000000	45.644915234547923	47.473994514510245	45.317331425648163	46.120339778927175	47.516052702113086	44.297536412572626	42.004777716076653	42.418824901307353	44.248308668754973	42.473629576452034	42.357907887927645	38.544196248239956	36.835813847918850	35.448671101616789	34.412356122837124	34.733623847733483	41.017226116292839	35.421126293723688	35.504723004508463	37.807998036767934	36.871168740951497	36.017108804660182	35.713295129646063	38.112695800025534	37.568989577348290	36.058141715245036	38.935520925535414	41.143745727568735
27.625000000000000	43.264551730836651	46.909655866955397	50.168871232058891	49.293470782297987	49.404255703369188	42.910089280183271	43.555808709343836	43.656645646510647	43.008325089651713	42.694654287460750	41.353692777861930	39.895637354807469	38.343266887953796	37.839843734399551	36.886697752905157	37.344834019739082	39.954427881789606	38.445083301096531	40.631421941054327	37.771015745746226	37.753969463964644	35.476258682241372	37.149222341017015	38.568438264257146	37.600138886596966	34.636896880659016	32.905800483947132	29.753593568682291
27.375000000000000	43.733452730383746	47.691316413511259	48.193257325310810	45.257077316641158	46.661688140327314	40.825727059527225	40.753840406467177	39.823711918524708	38.438191238234026	39.905494930963506	38.806837761053423	37.957810359049112	35.954200377448117	35.470394025075358	34.689848226455403	35.223685487391919	37.074398739377749	34.588258161907959	38.380823700600608	36.393076020708662	35.328713431880651	36.618364943975259	36.174740523686957	35.515711040224915	34.171741614911959	32.181186297602437	31.783433356405489	29.105640078153595
27.125000000000000	47.043120473294579	46.811217948176719	46.247228670537574	44.271536125443205	40.351359743781686	38.236267353413311	35.200751301061302	38.258416549694971	36.156913373873820	35.586319259006501	35.768376606667253	31.888034180764542	32.442318758405584	33.539415623824276	33.900103265442823	35.829642377507923	37.801473077705054	36.899124658519675	34.009837560992992	35.230819780697736	33.670226709597038	31.517193609602501	31.832565782322369	35.538580234555930	34.534129403948889	34.087207511162205	32.917246293435362	31.783668048419994
26.875000000000000	45.217213885933717	45.516420167538449	44.479635076099520	43.803785632889060	43.175689474888649	41.560275483527512	36.848741743990658	40.016232476547799	41.778441179164837	39.129650376271158	35.366242440006054	33.005231135669483	33.778439966409621	33.226603044644108	33.125789981827111	34.208130632671121	38.829834973735856	36.461210142788701	31.433971678910684	30.683074264369182	30.627881305617024	31.744624882955030	33.806077082712207	35.433399671203532	36.721432925759636	32.207127638176821	31.530647212210106	33.511979049895338
26.625000000000000	43.101784714300599	42.300426539249578	42.766545970902001	44.449419733233029	44.534862585304360	45.453952635332953	48.493814069071092	46.997276761792087	46.639720230442073	45.870662710448194	44.002101648080199	42.074478619993023	39.782172994634848	35.943330789118882	35.035482481692668	34.906714036075428	38.394777813348419	38.554255266013513	41.399331934526714	40.252056137726719	37.800874658413534	34.692858023348982	35.794731789554511	37.004210112854871	38.752081976062229	34.458962538290230	35.184263843071115	36.000537336025189
26.375000000000000	44.328107170995587	45.255547668806074	44.688369711057867	45.181607685395683	45.334386945189955	46.545967036206719	47.727989689714811	50.034871225388791	49.034988349923530	50.009904741074507	48.601726739073698	46.689886222807793	45.605674969714642	43.990538340512721	38.656389415493123	39.810905201775036	41.747426766625992	46.618340866417199	47.161958061441908	48.663558997375013	45.566120620479609	40.417058300994505	37.402683680900680	38.498578124008162	40.543350873846322	40.422395631237137	38.456543950447909	36.833704439696199
26.125000000000000	46.486423976966016	47.116763834272767	46.638704764212299	45.392405370356919	45.778428113773209	50.044780578286051	49.682966576273238	49.555492456920931	49.660399231176946	50.574561088390979	49.697861655259558	47.750672054386172	48.507318788799694	46.627379808537320	44.554462477842534	42.340454278127915	43.880233860069175	45.282766632184348	47.254432778963555	47.310003341789120	44.633717704583205	42.825648436256749	45.051703776533245	44.594114167385086	43.795000411405930	43.117766953535664	41.856314348391507	39.769958829667793
25.875000000000000	48.565063025850733	49.577439215723814	48.186219134870427	48.993372285366469	50.459844613313834	52.891084588282091	52.326081860079810	52.532034509226612	50.773048602180218	49.877499489534706	50.853078059252965	53.336586954713852	51.769882427179795	51.746847509354744	46.450425735749469	44.368481738321201	45.080652111682205	45.587246453410366	49.008772891180918	49.499284794187268	45.138607593693401	47.133453943458129	47.423896040160045	46.361223214802841	45.212085596337594	45.355398588284302	47.974664039773423	47.004777118170580
25.625000000000000	49.851714583483925	49.786404939459501	49.121851959380152	52.025874903045732	53.829073689983730	55.629704312343264	55.577469349501300	54.466551627691359	55.665676508007259	54.634927897710639	51.726853210059268	52.162377965900028	48.978313538283295	46.863088661773730	45.779741292632323	45.222906613056210	45.065090621942403	45.548380566352606	49.066961382116517	45.995083019069085	48.204779011389668	48.862288531277983	46.677766986968145	44.491903275974082	44.961929390443522	46.071491994188968	47.702740459519603	47.846424396191132
25.375000000000000	51.134663698933458	52.898077559575384	53.355155454573669	54.973444228437685	55.605619007586569	55.402081777689439	55.730438868391929	54.373683396686090	53.797729276388729	52.507115349822229	50.818815803500804	50.717207265090458	47.145829055061874	44.490482344853561	43.009474341510042	40.834887924387459	40.515942308376893	42.798582024849814	42.549664612256983	42.422705228246656	42.890517355275037	45.408450354544847	43.528209452970280	43.395871974519530	45.882716126919362	47.650786753296345	47.428539442666853	45.222882953187785
25.125000000000000	50.934937497546642	54.024473738275148	53.799982847437008	54.537925569990108	55.855230474996453	55.364534629362986	55.921688396007653	54.821402350471658	53.166976995031490	52.712735264388712	50.168393665230425	49.261131206357199	46.770512487885696	44.699092980672503	43.339698942348846	40.888304816625002	39.039888775615054	40.909040797217799	41.475856348347371	39.967665777384354	41.911193124009678	42.406671213973723	42.939324053642217	42.137868907749073	44.504070604614803	48.071043820057014	49.240399357035599	47.470882110925658
24.875000000000000	54.321650876889919	54.190739206014740	55.521648223452999	56.326215387602161	56.377302455753394	55.981277278887944	57.824603794871798	56.041815967210340	54.054310341080750	53.603765608227192	50.650019463755022	47.944669925104044	47.379953024930415	44.020820550584475	41.088190402937265	40.619770418994364	39.405768246196182	41.187177857191294	42.059234136545420	41.627288127858478	43.797930530041803	43.111135651212727	43.564704726975037	46.316983145142139	46.493527157225301	49.050704112859520	49.809011856627009	47.252917063571445
24.625000000000000	53.281579071751437	54.035653280637241	53.664227565904696	53.793200419757440	55.118952813768253	55.857298750527647	56.903035064717166	56.118671152751489	52.962835163827116	51.995741275627807	49.479324715953474	48.916027554085396	47.268484821567206	43.308899363877238	41.613961060427187	40.017966373766072	39.776976497502091	42.912642606400517	43.895903373892033	44.490413382182446	45.789545596969063	45.079612013027798	46.590015992152786	47.238884049678852	46.070767811332949	49.205514741867830	46.873354224465949	45.883072870778875
24.375000000000000	52.545255432555990	53.772925239782708	54.305437594948678	54.206398079036553	54.805099726180394	53.698675451178055	53.436055146374215	51.752663541936428	50.171972877584878	46.829922190143151	47.491777740241211	47.478198070234704	47.043958395187232	45.316241463905691	43.793388630949231	41.922527670952853	40.775152141592258	43.795798061573002	42.745030522732428	40.496579722090878	41.968375096849094	48.531779087516874	50.790235563403854	48.318636235906084	46.015799986294248	48.451329480649328	47.251567695906424	44.979553436291958
24.125000000000000	48.875466913209166	50.064777980413524	52.053992358577752	52.723389158503117	52.058553968775897	50.411393320721047	51.213689165239785	49.635060607259298	48.502969274295445	46.395093879705378	45.907799181979094	47.759799908999831	47.400999203002129	45.276401386735813	42.443252876250668	40.536853786371069	40.607386217179084	41.101950949549796	40.955433797363817	41.181615822209459	43.924626562309641	46.240047003876100	48.709278240637744	46.077906569767492	47.387542625077721	48.977588591779536	47.622324837248030	43.495538175412314
23.875000000000000	47.714705417253626	47.939594214887684	46.839691872627540	49.645380104815153	49.422770897963211	49.057365091561522	49.765227444564033	47.030017265050269	45.684226011785228	45.512002590644109	46.955336957026347	47.459483036188402	45.401801339074510	43.868751705595507	41.883737179274512	40.594923150576399	40.250660930588850	41.476894586494026	42.309778276934097	44.068480328844025	47.089214672086648	47.772960394566333	47.604199361342140	47.220954244626689	47.568279043674565	50.071405984647697	47.380969481025062	43.423342927378044
23.625000000000000	42.588903605169051	41.752102820337157	43.139823909100926	44.825669868796744	45.984530465476453	46.826493451053310	48.165829544090599	47.627785788810797	47.320419775045046	45.634041416918492	45.449261518807440	45.618839010443345	45.249413733350067	45.726935117594088	45.068057940279743	43.258031469524951	41.250064605880844	41.600185490321167	44.065713378084780	44.746612486149466	46.172774375962966	47.872844017902771	48.058817221107240	49.421166680945035	49.764669696328198	49.719656176714274	48.043719088958092	45.376414286253151
23.375000000000000	39.607593430302188	39.094599944438542	40.269883739600786	40.074233508671462	42.909849639167128	42.415526270797301	44.140124425072699	46.818087665078110	45.387628831913659	42.552982611385076	42.741498925249921	44.248709422077312	45.274211098927886	44.922381719859303	42.761995741535124	40.952215152785207	40.290976897005258	42.814131962260049	44.662799327554936	44.071015159479174	44.718351912243662	47.533623784791743	46.150975168062857	47.746396283038365	50.263173708355339	49.636835875376718	46.147257460576554	44.792603139548596
23.125000000000000	36.959201286194762	36.732288498700122	36.232081710939447	38.947874467065731	41.712734414366700	43.997579507866071	44.291890177402330	44.411062846501849	43.667376368392311	45.366731095174927	43.765026363751261	46.056703177299433	45.204607237497001	45.594898536190030	44.805071002948530	42.168481544346889	41.471289533754415	41.617271871234038	44.055029252239741	45.635982737344371	44.364869739334239	46.784000374062899	46.277477894080562	46.871031871276962	49.460552116160379	48.273515751113173	46.202071179003283	44.667774813765156
22.875000000000000	38.821205619734386	38.119489478918133	38.872697909255749	38.037650123112435	39.976345688119586	41.388318724041582	40.749299278614082	41.747351396907177	41.630191540970308	42.755087029025802	42.551442498592415	43.744156910921348	41.537956846403212	45.564000842947529	44.474721070165621	42.959984901245321	41.891488158197234	43.839480559688148	45.668723640267302	45.939834891761336	47.495467466026128	48.344883738306535	48.981413701470956	49.645333669308926	48.937837817769790	48.588084873075317	49.113593312930682	46.175147041984353
22.625000000000000	38.530960382183068	37.373738205174753	36.862175966807200	39.387040140805986	39.698657469402882	39.792931641948918	40.250630417458986	41.100570441800713	41.578361351773481	40.226538496503871	40.610730112796077	42.769932711061067	41.742268187270753	44.703979142943503	45.424022589205066	45.350936164736432	45.182748162227973	43.641947848798871	48.060641518507254	46.893113190277830	49.749884032247472	51.366448051771265	53.100811608950551	52.315945501957614	50.401806125327496	50.804811049342270	49.288152205198536	47.454108764026692
22.375000000000000	39.188173722843423	36.993461474102851	37.725669066849314	38.798313133965948	39.624926496462095	37.716157351568576	38.405719566125619	40.197999393261753	40.239710620959322	39.562323508525679	40.314584371781528	43.674549706766285	44.790719459518662	45.769835975443009	46.449611709289748	47.915010639883917	46.389452582792643	45.978369084447280	43.697427193308627	50.105636464148454	51.468514164701929	53.307240782570140	54.738297702606154	52.908659607600171	51.422798373454150	51.670806320513705	51.160450590837627	49.850515631293391
22.125000000000000	37.345501678045693	37.791577989949829	37.322457108895520	37.674231002377461	39.642326726253195	40.585039187509608	40.749678392002053	40.596781951258983	41.714515448961393	43.608830350108633	44.954428854529240	44.798516272200125	44.101492463809208	46.864419636971071	47.413946692881751	46.232562587058581	48.099514534817679	-1.0000000000000000	-1.0000000000000000	51.460190356156922	49.882810565985721	51.057170934698568	54.137124381119420	54.266155325253543	53.674321310686082	52.314665924422975	53.057407637618347	53.820853140070902
21.875000000000000	34.608786904234343	37.014129584473338	39.424548754481471	39.082398106180413	40.013362799992564	40.181821553461347	39.775369429917262	38.292292676705983	40.721091603719969	41.753117921122254	43.561651212590270	44.335914654672891	41.265843271336692	44.550397978709931	48.316556052100829	-1.0000000000000000	-1.0000000000000000	-1.0000000000000000	-1.0000000000000000	49.195054920271637	48.880071882120390	51.475194589523824	54.551030376899789	54.546651035816886	53.437622986497956	52.664215426572660	52.667519985233113	53.493101570093174
21.625000000000000	34.213705975853770	36.667520953910206	37.169884822269026	-1.0000000000000000	36.800561769077376	35.781027905940064	35.001368317042107	38.711766979947946	40.543590771162023	-1.0000000000000000	-1.0000000000000000	-1.0000000000000000	-1.0000000000000000	-1.0000000000000000	-1.0000000000000000	-1.0000000000000000	-1.0000000000000000	-1.0000000000000000	-1.0000000000000000	52.025790102892046	51.521817376377044	54.487666439439764	55.489504426130743	55.102624592107198	54.413026635234260	53.009336706034027	51.757194801830941	51.863331546981527
21.375000000000000	-1.0000000000000000	-1.0000000000000000	-1.0000000000000000	-1.0000000000000000	-1.0000000000000000	-1.0000000000000000	-1.0000000000000000	-1.0000000000000000	-1.0000000000000000	-1.0000000000000000	-1.0000000000000000	-1.0000000000000000	-1.0000000000000000	-1.0000000000000000	-1.0000000000000000	-1.0000000000000000	-1.0000000000000000	-1.0000000000000000	-1.0000000000000000	-1.0000000000000000	52.361637973957023	54.801788401739280	54.582580733018929	54.533523675912136	53.601939003262679	53.406867580588703	54.342765211485442	53.743065856073990
21.125000000000000	-1.0000000000000000	-1.0000000000000000	-1.0000000000000000	-1.0000000000000000	-1.0000000000000000	-1.0000000000000000	-1.0000000000000000	-1.0000000000000000	-1.0000000000000000	-1.0000000000000000	-1.0000000000000000	-1.0000000000000000	-1.0000000000000000	-1.0000000000000000	-1.0000000000000000	-1.0000000000000000	-1.0000000000000000	-1.0000000000000000	-1.0000000000000000	-1.0000000000000000	53.866140946198868	55.554545663992315	52.721760856910130	52.906045213330799	54.197912314861973	54.433056776435507	54.644029812018438	53.258038220594784
20.875000000000000	-1.0000000000000000	-1.0000000000000000	-1.0000000000000000	-1.0000000000000000	-1.0000000000000000	-1.0000000000000000	-1.0000000000000000	-1.0000000000000000	-1.0000000000000000	-1.0000000000000000	-1.0000000000000000	-1.0000000000000000	-1.0000000000000000	-1.0000000000000000	-1.0000000000000000	-1.0000000000000000	-1.0000000000000000	-1.0000000000000000	-1.0000000000000000	-1.0000000000000000	-1.0000000000000000	55.142022645238640	52.253027868216265	52.208332661527436	53.300060262745340	53.280455517527955	54.215407839439543	54.319004200509582
20.625000000000000	-1.0000000000000000	-1.0000000000000000	-1.0000000000000000	-1.0000000000000000	-1.0000000000000000	-1.0000000000000000	-1.0000000000000000	-1.0000000000000000	-1.0000000000000000	-1.0000000000000000	-1.0000000000000000	-1.0000000000000000	-1.0000000000000000	-1.0000000000000000	-1.0000000000000000	-1.0000000000000000	-1.0000000000000000	-1.0000000000000000	-1.0000000000000000	-1.0000000000000000	-1.0000000000000000	49.775077307237893	48.618784836717268	48.521892139159966	51.789155007414521	53.473975416912076	54.555633277166692	54.101527105319278
20.375000000000000	-1.0000000000000000	-1.0000000000000000	-1.0000000000000000	-1.0000000000000000	-1.0000000000000000	-1.0000000000000000	-1.0000000000000000	-1.0000000000000000	-1.0000000000000000	-1.0000000000000000	-1.0000000000000000	-1.0000000000000000	-1.0000000000000000	-1.0000000000000000	-1.0000000000000000	-1.0000000000000000	-1.0000000000000000	-1.0000000000000000	-1.0000000000000000	-1.0000000000000000	-1.0000000000000000	-1.0000000000000000	46.672406440623156	47.477295320872926	50.079260774481440	51.973082184201083	52.556612097642422	51.689784554133311
20.125000000000000	-1.0000000000000000	-1.0000000000000000	-1.0000000000000000	-1.0000000000000000	-1.0000000000000000	-1.0000000000000000	-1.0000000000000000	-1.0000000000000000	-1.0000000000000000	-1.0000000000000000	-1.0000000000000000	-1.0000000000000000	-1.0000000000000000	-1.0000000000000000	-1.0000000000000000	-1.0000000000000000	-1.0000000000000000	-1.0000000000000000	-1.0000000000000000	-1.0000000000000000	-1.0000000000000000	-1.0000000000000000	-1.0000000000000000	44.978419612681286	45.672224119470449	49.353224173406488	49.416045039311271	49.173439353698619
