xmlns:cpt=http://iri.columbia.edu/CPT/v10/
cpt:ncats=3
cpt:field=prcp, cpt:C=1, cpt:clim_prob=0.33333333333300003, cpt:T=2019-11/2020-01, cpt:nrow=32, cpt:ncol=28, cpt:row=Y, cpt:col=X, cpt:units=probability (%), cpt:missing=-1.0000000000000000              
	87.125000000000000	87.375000000000000	87.625000000000000	87.875000000000000	88.125000000000000	88.375000000000000	88.625000000000000	88.875000000000000	89.125000000000000	89.375000000000000	89.625000000000000	89.875000000000000	90.125000000000000	90.375000000000000	90.625000000000000	90.875000000000000	91.125000000000000	91.375000000000000	91.625000000000000	91.875000000000000	92.125000000000000	92.375000000000000	92.625000000000000	92.875000000000000	93.125000000000000	93.375000000000000	93.625000000000000	93.875000000000000
27.875000000000000	68.336943409258666	74.124035152901882	72.458878140261973	81.142665092925739	79.798994862163241	77.836448363824275	70.428339919375958	46.012073123335242	52.075890949809676	44.438943081305801	48.639344952370443	42.246738489146487	33.664465765447133	30.866657259127578	14.427393410627204	29.984065879529709	24.267574956719287	25.829626950306377	10.328347939603532	12.694167451174181	5.6023613742710552	3.2428799132813850	4.9812836059075067	9.4994568088103932	17.335444724461794	17.609264812471153	14.545363105234614	13.690681149285780
27.625000000000000	67.777022732446454	64.905842252743682	75.164655029817879	78.093914865635071	78.811332847147355	74.184108974809405	73.852260026224741	57.948532822350302	58.971713532640429	54.174398907306070	57.286383011870576	50.967577853922158	28.749118435961336	19.331167997316271	19.523527685663112	22.408508393677110	25.302295930785874	11.320893932009085	17.270407770606866	10.143638212672428	16.438729210868388	8.4210658428242766	12.494633957548288	20.010196388378645	11.735697297129491	19.674698503512374	16.394952867073172	14.258337785107656
27.375000000000000	67.907399006435440	71.114684686212215	71.403629350350116	73.833576980074355	75.720560597120581	84.879537244720524	80.085135749853322	82.958934087109583	69.349033684202922	66.882179850219487	59.175969485112311	44.363183384398930	31.692611763638368	42.504839344903232	26.037431492074077	22.929788290238506	24.732879452717100	24.599827478321373	30.803166336987914	22.480844508803983	6.2254551124323712	18.900417882576690	30.236743636734559	34.408840547678281	18.643618989030159	17.913639078639136	14.770227203272285	13.281559254786174
27.125000000000000	72.882351274447998	74.451458551265063	75.880550175310603	77.771157770819727	76.754018643696128	78.615309692718569	82.908143524804728	85.554016479260866	79.532462631878531	71.986696930000079	78.016091645244956	71.273682000858727	55.502296473673489	39.310351198452295	40.705007202452094	47.325371346799130	39.079820857649629	43.017318220955424	42.689975810103299	42.892494737643496	44.080155317833125	40.706994070653124	34.097063134703760	18.652842039479495	21.012007015252578	18.751055989232441	18.986146251614755	15.833089606068867
26.875000000000000	84.237014888482420	81.200539119163096	79.769174817521673	81.906452473989759	81.823362243704395	77.977707700346613	80.065570093171431	86.801657545554306	82.143795245820684	81.695095337948189	74.704675235534296	75.578878038199875	67.084209565025347	48.141245455353520	48.098944217626993	49.966990618666031	45.362756406864790	46.095298113646365	44.546878599534388	44.743460900635121	43.334326009202087	45.633817469059949	40.994570641887719	36.220107797346543	25.608732133804082	19.768352190495307	29.600331189389223	21.344657591287941
26.625000000000000	82.281035006893887	81.801756351284695	81.664200876934629	83.978509974398833	89.295341144930688	89.159470588721561	85.288151228144159	87.112311663843386	90.508250937047364	86.255747751954061	82.392375718654591	74.572874283893242	75.733236847943985	53.475429077174411	54.205833319421423	52.684925194227070	46.590660983131471	53.015914274878796	47.682064421443272	48.674882010306298	46.260701015176323	39.860268886736506	32.684972510951283	40.826129895927444	33.432044254096681	34.752665557772929	33.731598222118350	27.603832043029158
26.375000000000000	86.727224172576612	84.405070787130938	88.422043650259184	90.803058534744267	89.770307258759331	92.255452563630456	93.965618669556633	92.163355916719127	89.858025097036915	87.206939338739900	79.379284073638416	77.151240302606482	68.127193332923753	60.461097537852957	59.366590303522742	62.818760247140723	51.664282969023738	51.944831843685904	44.461574169111159	38.654053893922914	32.280422994620494	29.578650515039101	37.163547642686282	40.157543216036018	32.172133589415722	29.816884208245881	26.350385853472631	20.794711093701409
26.125000000000000	86.860836949273988	89.857620049720651	86.047909392172954	93.199918698357124	95.215719867312444	94.678781652254557	90.961996072263332	88.694424095258597	86.158093828618007	82.031814606366154	77.720330409166991	73.547039503909744	59.183598464461866	65.941120577971958	62.132324703805267	40.544152810414722	50.100575714757952	45.378409941466089	44.953361243941870	37.647916206265506	38.004508096283438	39.745133926528723	39.039709814427084	29.804213530883956	31.627257876271187	23.064732912549815	26.821423915367035	32.485845581724249
25.875000000000000	89.529397278061055	91.779654202798667	94.227544011435754	94.480871938760018	92.214495401291046	88.624854054876977	90.933964300527663	85.885821978326774	77.963622540935773	78.334187748488304	86.349173102691154	81.072991108280348	70.126159122688335	65.599768581750567	55.231855476404043	44.996568269865598	45.378351549062238	50.188311658423956	45.206785510350379	40.009414067888514	34.047741739055908	33.438413608473212	32.976600855746412	32.364207011976802	34.554673146327346	43.588850180958069	40.597134741913266	41.861324428034571
25.625000000000000	92.182753096022964	89.138731463823802	91.267843161115408	89.733271046164219	89.704743538076002	90.299429864332453	86.922844400663081	86.588122823779614	82.082856665647938	80.958004935741187	83.097809933905069	71.825630398206400	67.438979752878652	48.384486301624300	34.855256159183966	39.779774864791676	41.475076726283042	51.124228431583532	48.905782026530275	46.542763667036304	46.194835998976224	38.094383654668022	49.063133986731636	49.906096385151535	58.452070090949675	54.907626113744875	48.629437585454092	50.918822734770139
25.375000000000000	77.227898869583939	85.439489203294869	85.428548447316700	88.240109356859065	89.173976155218327	88.578677585160023	90.290131054585729	85.070085164546143	77.985908938291857	68.304030051331949	67.552265802662532	52.849840223216923	47.450755236878969	34.806286276035408	29.576670731125304	46.311918460296930	47.637114332543604	41.133955496787543	44.673557894494543	50.014199329007440	50.624854330431326	51.067717277614065	53.697132253975091	58.753848125246414	56.178201838978680	48.642106194172918	48.039566995174198	47.426047976673082
25.125000000000000	76.901948250423828	84.256028141552264	88.025247024240869	92.675340135023788	90.008355149956955	87.635955082846237	82.981717132145278	76.942722921807530	68.308048532567184	65.012477587681857	61.500697461486162	54.113420111848306	44.825185584866986	37.835582132405989	48.721276518553736	56.355219911191625	56.156643644055791	56.504717413745290	51.398603245243571	50.166634543085088	57.578836452103914	57.209054552491637	41.230574999890848	55.328605908435215	49.111307408274804	49.890760483843756	42.067751544018741	35.012804315574741
24.875000000000000	81.645226595166093	82.822148967659672	88.318853513374506	87.275971041552197	77.606457719161185	76.951694172583743	73.681135533265618	68.179490942088819	63.371120468672885	57.389801437660303	61.198492857340035	66.439225261102393	60.158039585902962	46.159680229493262	48.567445554912467	48.112940049604283	55.317237593156342	51.641582752576625	45.341380528466942	42.880644349921802	50.050924911270464	46.196583182602183	51.795258444303116	47.957080444540793	45.847852952514081	52.842265370942506	46.302549222677605	36.063864637859936
24.625000000000000	80.160747909010936	71.475188234180081	80.610959957177641	85.227073986416457	78.270980590483703	76.558784207124205	71.975417847354151	70.467132125752855	72.016781449185970	64.784109378015756	71.446407828053651	68.807237796541543	65.956522140809767	51.010893569206608	53.626469400010556	52.113174692629194	57.372833737344934	53.368735966111366	49.847019772429277	38.026789495949487	59.814177028468237	53.878612110427269	50.148376585490041	49.841851272591839	45.866115935964480	47.749033171646957	41.962386790249084	42.940661866126732
24.375000000000000	75.657506063028251	69.930939232746312	69.410164315461344	65.401066271382263	68.640153392993213	62.167796703158622	70.250085869814342	62.145188975252694	61.703160873410333	62.410060831203744	69.900381167292693	65.227208147046184	56.686805574435525	59.350426446194639	61.974258234779640	64.785614626193023	53.478226620736990	53.018312240133561	46.172003218898517	43.611654431433287	53.298931813314788	56.162315784643717	55.570099332804816	50.979768707978529	44.339694729707759	42.434468024188575	41.132328732491708	34.784975242918449
24.125000000000000	59.777051336616282	59.463980368926030	64.382638436021608	69.086173577448278	63.893766932581705	51.147728374932115	58.786359839441474	48.859762613747073	57.806075655942621	60.430858113243914	57.231920644897926	65.492685182555675	59.622287008298166	62.486667486922954	63.601590973430156	61.484693498867671	56.365230370249677	50.958831314170631	44.137170238453670	52.239360743189266	51.953730778829119	55.669088140109714	43.292885922286750	44.002050636217206	43.168082562943823	39.819034005791757	36.229755826248898	33.305740095281081
23.875000000000000	63.980155924936874	61.510658116676744	52.767232367729434	51.976200353312905	47.884326891499171	51.099225275994726	47.237307964414413	50.396822054584717	48.006090377902581	46.998916885165357	53.767777080513341	51.695994811644255	59.699387621482735	62.077123314148764	60.557766077624827	57.466261653502983	60.773506200025032	50.793261074393513	53.261383628544017	50.363471671788552	53.158094239454059	50.670025071232615	40.991736979834911	43.917855300885719	45.512257297393475	41.902574907027287	45.711056999792333	41.577811194470861
23.625000000000000	58.427072337625930	63.030745246165345	38.873066237100076	43.288583761577684	45.187118920085581	46.706414342077032	41.709762077864035	44.442674955592523	47.260937003309643	45.175754107691404	45.883488628814881	49.270681230822369	52.190848777193857	61.786885191791534	56.142274146394094	54.454178257937578	54.487989330380657	53.184891996939157	53.267983665181291	58.238751978551086	47.917570985250357	47.107003637482862	46.660789834997907	48.341840603479923	44.728542663337834	39.651784517170839	40.491853436705227	41.539918686802800
23.375000000000000	47.414242558496426	42.387428527175665	35.583416717945809	47.840691409576365	49.405010548154763	51.045484291906632	50.862882771454991	47.074369711730810	48.336619881011210	47.254558466549490	49.920428051363743	50.087240186814554	48.548949614604510	58.718487767061347	59.424810796481573	51.679628956345830	52.841632445196488	63.960076514953798	65.445159691100201	58.143656077342129	54.599621785373657	53.211849296225282	45.072844278546988	45.914489482297526	52.063764120897041	51.592090600768323	49.538094581625167	53.457777733764019
23.125000000000000	39.332907625575977	26.717051948444322	41.485942800355502	47.982485103089004	42.176372405742704	46.376382652311875	52.627654731270212	56.215157695613108	58.422720400788045	50.860151463689263	46.208797289895529	54.498424731798153	49.562494740808241	57.769669439874114	59.929134308269603	57.184933321539120	68.490692299074723	71.020262544725909	67.642503304870672	65.061170836567214	61.603736695709998	62.623949927191177	64.241058466302178	64.111578009029316	58.289558339936967	57.798761511263095	55.448092091605588	61.887114217069623
22.875000000000000	28.148931011442741	32.463062436362335	35.884876624490246	41.787437351286712	44.024775462259392	51.266598755176396	57.203154853915706	51.802237150995808	53.457043574701800	47.335507395703736	51.184425106269202	51.816614604227254	57.813258616456380	60.442641716285458	66.346637385509524	64.630725302648472	69.478918690434341	73.304876270051579	69.366592703064399	64.936071625922736	67.932126326243917	68.008443614899747	68.623060091764117	66.082078080894746	65.541110160605712	62.472547077539801	62.636821624441467	61.869466372357508
22.625000000000000	35.271664933410918	37.866382578350922	27.857480161994957	39.942656214184822	41.575865111453261	41.056772694534558	49.479132811101877	52.725966787627442	43.693943683983740	50.297688339114870	58.384891227869389	61.207479323782039	60.047210306032802	64.230261597930905	67.999446820341035	68.019534215042512	64.638476359442180	70.382438538294082	70.279174797325226	73.306664096059109	72.558122496014676	70.133116542103878	73.308201939551836	73.654941013860480	72.782938266216760	71.327064650456933	76.014324466258060	72.039928525135508
22.375000000000000	33.920631922816085	28.912791348405520	35.980817271545277	40.406284477468610	43.838428929023230	41.394345040375072	47.120079512846537	51.153112832158051	53.068434978370718	61.254866636946105	69.241102575725023	68.106839193246699	71.429868692703394	70.671766594118893	68.638847594841735	71.326178613718668	70.480378576469946	66.717968299219862	70.431852342825351	72.364824187211070	70.508879829317877	67.501050623744902	73.531170527849724	76.535114905163525	71.000817512669101	71.297429401379873	69.145955250177423	62.440598896954526
22.125000000000000	24.602774785848396	28.088698198829931	35.167273650668491	35.711653174029692	37.090626478282033	55.775051758495167	52.056391767628149	55.485110424677984	56.732180414372166	54.872470600900570	62.988641167201024	65.813156049166963	70.478786606372182	66.833453934774155	73.455184651276682	69.008012182806311	70.743661970358161	-1.0000000000000000	-1.0000000000000000	76.409257153043129	73.844133877702689	73.118046445249860	75.069153347311101	76.771179751333591	74.890836937967634	70.016484662543945	63.345878631836506	62.110843554489897
21.875000000000000	24.510918267727035	28.623316483479300	38.230695081713307	39.146357171265819	36.241520184459596	53.554050624953348	55.268178289089256	61.531914381239531	56.975804723354500	60.009797184010566	64.628751606533740	65.668163937862488	69.801033280447115	71.605979962779614	70.107422138471179	-1.0000000000000000	-1.0000000000000000	-1.0000000000000000	-1.0000000000000000	74.999428725032530	75.820573925337740	78.228859859410449	77.484281441225093	75.241932129530198	76.612988316953448	67.364592542868394	66.556524713929321	69.286852041366942
21.625000000000000	32.016000986445022	29.690960567544010	32.992309690136452	-1.0000000000000000	42.839058929838522	46.412900412023681	50.451101125767636	56.497335354881855	57.983829569256763	-1.0000000000000000	-1.0000000000000000	-1.0000000000000000	-1.0000000000000000	-1.0000000000000000	-1.0000000000000000	-1.0000000000000000	-1.0000000000000000	-1.0000000000000000	-1.0000000000000000	74.403462852802861	76.778301996766970	77.448546295803325	76.903324832959797	75.068146255167676	76.795033845155871	72.397002726709388	68.009658272339436	68.335805073296044
21.375000000000000	-1.0000000000000000	-1.0000000000000000	-1.0000000000000000	-1.0000000000000000	-1.0000000000000000	-1.0000000000000000	-1.0000000000000000	-1.0000000000000000	-1.0000000000000000	-1.0000000000000000	-1.0000000000000000	-1.0000000000000000	-1.0000000000000000	-1.0000000000000000	-1.0000000000000000	-1.0000000000000000	-1.0000000000000000	-1.0000000000000000	-1.0000000000000000	-1.0000000000000000	75.850536439359757	75.801824044926079	73.950135946212242	70.098545322134697	67.642819026229205	63.684385359967429	67.956076517230599	62.775711768447060
21.125000000000000	-1.0000000000000000	-1.0000000000000000	-1.0000000000000000	-1.0000000000000000	-1.0000000000000000	-1.0000000000000000	-1.0000000000000000	-1.0000000000000000	-1.0000000000000000	-1.0000000000000000	-1.0000000000000000	-1.0000000000000000	-1.0000000000000000	-1.0000000000000000	-1.0000000000000000	-1.0000000000000000	-1.0000000000000000	-1.0000000000000000	-1.0000000000000000	-1.0000000000000000	72.364843477581900	64.531129262230365	51.232739476236979	49.603518189867970	50.810667131329843	52.350961829796773	48.585391241537025	54.489179140785645
20.875000000000000	-1.0000000000000000	-1.0000000000000000	-1.0000000000000000	-1.0000000000000000	-1.0000000000000000	-1.0000000000000000	-1.0000000000000000	-1.0000000000000000	-1.0000000000000000	-1.0000000000000000	-1.0000000000000000	-1.0000000000000000	-1.0000000000000000	-1.0000000000000000	-1.0000000000000000	-1.0000000000000000	-1.0000000000000000	-1.0000000000000000	-1.0000000000000000	-1.0000000000000000	-1.0000000000000000	61.337110753251558	49.922202733113139	45.376193688186731	57.232913135873261	53.584417333551151	53.579862389230186	64.696097362702929
20.625000000000000	-1.0000000000000000	-1.0000000000000000	-1.0000000000000000	-1.0000000000000000	-1.0000000000000000	-1.0000000000000000	-1.0000000000000000	-1.0000000000000000	-1.0000000000000000	-1.0000000000000000	-1.0000000000000000	-1.0000000000000000	-1.0000000000000000	-1.0000000000000000	-1.0000000000000000	-1.0000000000000000	-1.0000000000000000	-1.0000000000000000	-1.0000000000000000	-1.0000000000000000	-1.0000000000000000	55.326367085884407	59.187922600559403	60.503301211629903	56.909805060789914	57.873262537727136	64.623560716094659	56.383166754199202
20.375000000000000	-1.0000000000000000	-1.0000000000000000	-1.0000000000000000	-1.0000000000000000	-1.0000000000000000	-1.0000000000000000	-1.0000000000000000	-1.0000000000000000	-1.0000000000000000	-1.0000000000000000	-1.0000000000000000	-1.0000000000000000	-1.0000000000000000	-1.0000000000000000	-1.0000000000000000	-1.0000000000000000	-1.0000000000000000	-1.0000000000000000	-1.0000000000000000	-1.0000000000000000	-1.0000000000000000	-1.0000000000000000	61.312855587800790	56.744145780867910	60.001984447290532	57.265191725090517	55.430465582157730	48.417000073975316
20.125000000000000	-1.0000000000000000	-1.0000000000000000	-1.0000000000000000	-1.0000000000000000	-1.0000000000000000	-1.0000000000000000	-1.0000000000000000	-1.0000000000000000	-1.0000000000000000	-1.0000000000000000	-1.0000000000000000	-1.0000000000000000	-1.0000000000000000	-1.0000000000000000	-1.0000000000000000	-1.0000000000000000	-1.0000000000000000	-1.0000000000000000	-1.0000000000000000	-1.0000000000000000	-1.0000000000000000	-1.0000000000000000	-1.0000000000000000	62.872531531170964	61.480977198592747	59.704822669632570	54.021542312194399	55.790571759301045
cpt:C=2, cpt:clim_prob=0.33333333333400000
	87.125000000000000	87.375000000000000	87.625000000000000	87.875000000000000	88.125000000000000	88.375000000000000	88.625000000000000	88.875000000000000	89.125000000000000	89.375000000000000	89.625000000000000	89.875000000000000	90.125000000000000	90.375000000000000	90.625000000000000	90.875000000000000	91.125000000000000	91.375000000000000	91.625000000000000	91.875000000000000	92.125000000000000	92.375000000000000	92.625000000000000	92.875000000000000	93.125000000000000	93.375000000000000	93.625000000000000	93.875000000000000
27.875000000000000	8.4236820648600457	7.6171106850771721	7.8633291341012885	6.0607433006187250	6.4360847294310286	7.1157317526647947	8.2277412199428319	10.528365055033959	10.448888094040569	10.616831737478591	10.415422138510728	10.531399628829419	9.9028958318369149	9.5301893923819776	6.5966570976580385	9.4959791673689864	8.7282374936046807	8.8789439594975335	5.0809051199681647	5.8591612801803876	3.1727324468000262	2.1264490259656412	3.3239528476114373	4.8290443897528945	7.2139624066696797	7.2894604536354848	6.4205699534040974	6.0297726235698548
27.625000000000000	8.3999307896680016	8.8104701966941761	7.2852623958727243	6.7146465097667907	6.4875951798158233	7.4819675458958237	7.5976494138337003	9.6915233913699339	10.029016987302597	10.247302648998144	9.8189744392808862	9.9083454230217498	9.3493968274156600	7.7315928396791946	7.7869002618771646	8.3135616215738111	8.9667455304698507	5.8874628063705075	7.4150809955758632	5.1484324032538069	7.0108067407622343	4.5792247450002321	5.9062247230042288	7.7830089644479159	5.5645080873042900	7.7216813604961345	6.8722445868049817	6.1542597385728470
27.375000000000000	8.2350856267621708	7.7677769204881066	7.7805658770859090	7.3713430585045181	7.1866757795536849	5.3060664670863495	6.4660111846953807	5.7424603230488689	8.4146341044391448	8.7851442870254601	9.4627500885720366	10.022435264315327	9.5082573364588043	10.126256015578299	9.0340751204090708	8.5552807608300583	8.8895439132103036	9.0549962138976383	9.5815901591238344	8.5373777167389733	3.6757608360262992	7.5852091652361793	9.3658063936698355	9.9076560843932526	7.4327762820716430	7.2517421637646606	6.4053243379439380	5.8779733968379446
27.125000000000000	7.4813922093072485	7.1571542983897380	6.9722000338892123	6.8476037816938256	7.0873033158601260	6.8536288962194121	5.8952090533398813	5.1042991687483674	6.3651253001571408	7.7870113918166375	6.7896994526716696	7.9744277855381540	9.8925608591746723	10.170718099543201	10.403791151499725	10.468721701123378	10.347966613266934	10.529636842815663	10.476063875730631	10.402935826405624	10.394931796240186	10.302776978112838	9.9086330844047694	7.3620470656565544	7.9093247929468475	7.3969540277717840	7.4483280432867360	6.6516611090978017
26.875000000000000	5.1722998183136575	5.8612919140850259	6.3343457970923378	5.9059650769470373	5.9605773904828983	6.7698688858928016	6.2097695873765453	4.5136906715094902	5.8207404605762321	6.0511743599985124	7.4743999023562786	7.2009297444862739	8.6484805840987811	10.186577796320599	10.279360616112001	10.265167436453787	10.447067685844928	10.437358621586469	10.479286162056461	10.500765970810207	10.449592525636099	10.443020104070214	10.407399138562738	10.209341716156771	8.8578510737956009	7.6935564064409050	9.3622224453070686	7.9598481795206624
26.625000000000000	5.5753283332447197	5.6017088981289138	5.7111234327143094	5.2006224839775861	3.7397365565338783	3.8198580957254711	5.0656786523175334	4.7094273328432674	3.6683461567284610	4.8876955419201007	5.7551688317708951	7.1480899746174629	7.1219453007431675	10.110384980325342	10.034120333389467	10.191498332977268	10.409835859767036	10.294863013420127	10.346967482132818	10.345391328605309	10.466070733013680	10.299935794792745	9.7553640688153394	10.483563346135107	9.9216881664391821	10.030440751514462	9.8222720860541344	9.1080421774705727
26.375000000000000	4.3234797842252259	4.9720824707674112	4.1148165731263484	3.3589034467976555	3.6730198307703885	2.9734759852675827	2.4339226802599336	3.0654317236945445	3.8878481139197953	4.6144355646709876	6.3979477077090969	7.0009946166061834	8.6773617105726473	9.5231381832516426	9.7130332682486298	9.5865228988059172	10.364493364265535	10.394778834801649	10.584748464497956	10.390284318123229	9.9100342098105116	9.5509805058375505	10.345403295572559	10.511154830214799	9.8613892028706402	9.5985936806029102	9.0550808492554467	7.9869222926471934
26.125000000000000	4.3848450110850727	3.6422259357488889	4.7762514582115081	2.6813614214957138	1.9698746917253511	2.2157345513298794	3.4331041992067979	4.1295454788488026	4.7352877748586142	5.9000534251314409	6.8104577574573852	8.0928156940078502	9.6959298048351314	8.9816371024006614	9.5049630608460305	10.381112366792529	10.381899222565643	10.548544677770899	10.583107838442679	10.224198898866653	10.321373911345290	10.608380560356906	10.456115594536939	9.6522162064550159	9.8854354751075846	8.5433442271334457	9.1177166453318677	9.7554858275024756
25.875000000000000	3.7719633771037175	3.1373812128379086	2.3229890551135601	2.2433968798794757	3.0156637097594867	4.1222570565384800	3.3756826875909018	4.8680589278985842	6.7370609390353504	6.7146772393949909	4.7262959764587791	6.2732193526212363	8.4703093056048395	9.2747666043756851	10.266544643812864	10.582860167997133	10.493742395099936	10.660772678481877	10.684283870247185	10.649625075761016	10.093471796065216	10.047080055625713	9.9683931449133070	9.8332212889001553	10.099248086629707	10.562162032314504	10.492000564368155	10.445370967440077
25.625000000000000	3.0303499487552923	3.9783373078728346	3.3883094940630656	3.8390400337027693	3.7936191186843775	3.5883580939591297	4.5718151315291724	4.7104704877776165	5.9106953615050006	6.2155834833045720	5.6164196867812741	8.1154609020174178	8.9908748618290204	10.572552136424804	10.033675329956218	10.408253959178900	10.560554073992421	10.648463039281332	10.956667090866077	10.988339896488981	10.809744049881630	10.421627352310580	10.701593370161795	10.566562488141706	10.209123412912763	10.374855832339158	10.589622622439926	10.511154230592375
25.375000000000000	6.7604383110486772	4.9625240394805292	5.0871040174632132	4.2171266655790127	3.9868947272326656	4.1678974062023908	3.6485731214217321	5.1506048222439826	6.8674922134708254	8.8469848385196563	8.9132250536193283	10.359622505608627	10.497428362282498	10.107296585695529	9.5880682524170950	10.703204656053337	10.620123918824419	10.702935551045421	10.827525971740052	10.682263799002811	10.650457413440137	10.642339101381424	10.579279784833240	10.223272095184150	10.217593980576609	10.496041680564325	10.511216591381682	10.490852475550724
25.125000000000000	6.8115826108184585	5.1988138300995956	4.1954918395906047	2.9188043286846694	3.7617088060759656	4.4670430973508424	5.7053062900304869	7.1133369399167812	8.8817649118979958	9.3006901830009383	9.6622255564718351	10.425123642659585	10.655695108550617	10.399862542184962	10.547032721812855	10.474507439799325	10.421419150459592	10.429346711387389	10.709531697667693	10.765890548609875	10.373504568646602	10.378771980614999	10.631224226191108	10.349825983593149	10.514702068886415	10.303998314868487	10.215920483563153	9.9419907353859287
24.875000000000000	5.6810904530545709	5.4441595674365146	4.1331322231041057	4.4925253450894633	6.7920873606215793	7.0043151113259370	7.8015603715502522	8.7356371279207572	9.3840183080338768	9.9529632411506341	9.7540349695671900	9.2644243026984796	10.031723503349117	10.643346389602314	10.648666767007541	10.470260671542391	10.383756349472471	10.658968444537912	10.647112907752152	10.847817571423285	10.837164689893513	10.721230358819540	10.345550115661737	10.581530945662600	10.510093487096810	10.320059535252895	10.165645643155280	9.9059541677755050
24.625000000000000	5.9991021700765685	7.6485945046362076	5.9490852859015497	4.9217159105929795	6.7150832685330961	7.1664160619135728	8.0800239012422104	8.3986162283211279	8.3043104771540399	9.4201919639195104	8.4305871022409029	8.8544499070267904	9.3150977587987960	10.393912332839946	10.421605823772488	10.477452982620427	10.111762417653416	10.359341538887584	10.488936247083430	10.362305024107357	10.136531149883545	10.421058318327823	10.405865702963496	10.526749700091486	10.464784735414533	10.400769940119787	10.209202207635876	10.153815630370794
24.375000000000000	6.8802084024442784	7.9367790155522009	8.0535583266941444	8.7277798286569812	8.5570486166784789	9.4218366088514358	8.3646995976438667	9.5454511759746410	9.5767040802111474	9.6034751197612138	8.5882955026117251	9.2716532737971811	9.9399608345378994	9.9349507641436823	9.6422939920271844	9.3075857777360866	10.241062118096764	10.412152756339609	10.540727264122737	10.443601177419197	10.572578743690372	10.333326717238080	10.275479920595295	10.450816477664873	10.489003392991577	10.248170462237219	10.201251463528386	9.8342462096573016
24.125000000000000	9.2406094539125903	9.1783606701036398	8.7682560217593313	8.4000697666174489	9.2388484125980952	10.301209502401903	9.7719770960261343	10.377934896951544	9.8164570327637080	9.6434562857466872	10.048981433090404	9.1166531913679805	9.7739084422474178	9.4543052257023810	9.4527294460384255	9.7553133140382116	10.289340380904157	10.403372139477000	10.544433505521887	10.536869606934317	10.552296125487210	10.196535799249887	10.453567058129920	10.489779639398641	10.441826894601711	10.292515844960185	10.034639242175473	9.7174911467237166
23.875000000000000	8.7158862613842167	9.0136421058990095	9.7936687168560539	10.053855598044208	10.324131769284143	10.276592309524325	10.280749513069360	10.211953572799402	10.180148460277273	10.271758125802073	10.183553392136638	10.301144737127920	9.8149698587673626	9.5612766770465036	9.7660514099501690	10.023952038296898	9.8460146392228296	10.509345948615191	10.475824415796687	10.617092880738760	10.446954524448266	10.450994883661032	10.408166398620594	10.410081293075685	10.440152573424022	10.372582867723779	10.486721091075275	10.347637769583230
23.625000000000000	9.1610121024517639	8.8091291959932079	9.8653471651230618	10.267602723795193	10.132311105202675	10.237502139522242	10.255665707787621	10.342896759417798	10.291569180579614	10.347548999332219	10.434595085537765	10.396794766958557	10.433532892590556	9.7580853905527647	10.211825420756853	10.312780966106054	10.464350809983088	10.538473178281087	10.589598024157183	10.172359100197006	10.570592434000972	10.606947026112927	10.688708021843894	10.576152721869398	10.463561902587919	10.383026709030887	10.339106698760666	10.440939238739169
23.375000000000000	9.9094195860443577	10.018965370301117	9.8910864790011601	10.317651516146505	10.225562354858724	10.333674301406830	10.377573496688420	10.412890254152700	10.474044059693121	10.516051682150106	10.509061906834560	10.520962191803861	10.643679100890488	10.130687732719355	10.038174126180397	10.484616436836127	10.554570798776247	9.5398514556325438	9.2611307440242037	10.074069793854321	10.321761818499901	10.393799477467162	10.661149994497855	10.597118319816140	10.481024136483569	10.570808022108196	10.565067689506577	10.511973249980393
23.125000000000000	9.9086475106288319	8.8674226641987843	10.232285045185932	10.465362740822869	10.406055024949616	10.408751450384393	10.385633526897472	10.155081811354798	9.9344239978467286	10.356432131226853	10.588682887078363	10.353306246378203	10.595779966834307	10.089076500646243	9.9103868259386516	10.159961331028924	8.8247164058967016	8.4535478841011873	8.9725718317793124	9.3587075287040378	9.6998926192264427	9.6436275503812503	9.5459881737184276	9.5160272063682037	10.098735164388238	10.170873711532415	10.432345044969523	9.8884352082259355
22.875000000000000	9.0834227964533056	9.6210410800783848	10.068439048159377	10.464680979844815	10.449625289107402	10.365209819524495	9.9786690641436664	10.333628001016137	10.306458636626736	10.454693436756337	10.410728507103855	10.483831362116391	10.086509877905122	9.8095373731016942	9.1821995052627692	9.3185523222941882	8.6743327402373254	8.1025230465831513	8.7419454993442223	9.3554960198262265	8.9530306537101225	8.8845628839034632	8.8262354522255393	9.2197619124720092	9.3470067408383883	9.7381164101762643	9.7874017251437415	9.8027696268483453
22.625000000000000	9.9178773458328280	10.138621227967583	9.3201229129241270	10.436713584282963	10.413454541703182	10.292575457577740	10.364259201216178	10.338013966251701	10.371894500998309	10.415133271415719	10.025822445556550	9.7701854415846157	9.9069175811050947	9.4026609774337153	8.9117357587166879	8.9046440978779984	9.3336374859337248	8.4887343537483950	8.5638256936761934	8.0299397521879925	8.1326266219904078	8.4911969477778975	7.9554476792803364	7.9658997669014902	8.1436445848168262	8.4860377453189422	7.5389130913066253	8.3194157880390627
22.375000000000000	9.8077461873336063	9.3200106423998150	10.182688348791231	10.421349419587287	10.378880399643030	10.349309651411623	10.473578530535661	10.475123546891766	10.374365592692683	9.8088006813077584	8.8419231686687922	8.9630005476642900	8.3435873425263232	8.4015695316634336	8.7547764782887043	8.4090825615560298	8.5452395372949361	9.0248192520979060	8.5316809411915315	8.1609653683869290	8.4803617940665923	8.9014196493973508	7.9059862714598594	7.3597266088748015	8.4250331484933625	8.4406805808621890	8.7987463255000691	9.6228678756992032
22.125000000000000	8.7504094633112146	9.3192273813322615	10.158801056526428	10.154485133774813	10.225198654155953	10.215069812341056	10.484904064730877	10.187620171705156	10.232589095948818	10.359557898934803	9.6921416757750549	9.3060355012586591	8.5316211144862599	9.0544685139411563	7.9169089787646598	8.7168677651562696	8.4099898709307936	-1.0000000000000000	-1.0000000000000000	7.3513833131609054	7.8380193628047081	7.9638422413352643	7.6020635928797198	7.2437560217558090	7.6642094886189973	8.6389939654796208	9.5959141653512603	9.6204298004573694
21.875000000000000	8.6670535092688681	9.3085244758209029	10.332918575867197	10.369537735344615	10.270048569545018	10.467874509692280	10.348008091251515	9.8082343524755551	10.172610807672669	9.9649450434443345	9.4240809488899657	9.2480375615048160	8.5165679525741886	8.2631015262211278	8.5194816613605724	-1.0000000000000000	-1.0000000000000000	-1.0000000000000000	-1.0000000000000000	7.6002932101140495	7.4503305399168269	6.8874522538202196	7.0301010586186035	7.5525218783157086	7.2297202027263907	8.9402332291365560	9.0968698772202359	8.6640466613512004
21.625000000000000	9.7151145151050216	9.3282172985109213	9.8461438398573051	-1.0000000000000000	10.654957142288225	10.584614491193953	10.528910800856572	10.293180900910144	10.192017310587879	-1.0000000000000000	-1.0000000000000000	-1.0000000000000000	-1.0000000000000000	-1.0000000000000000	-1.0000000000000000	-1.0000000000000000	-1.0000000000000000	-1.0000000000000000	-1.0000000000000000	7.6823658230067657	7.2416855699116240	7.0712076052639610	7.1441953224685744	7.5008780275124245	7.1753193148882133	8.0674983360052899	8.7730307395494549	8.7504968654865216
21.375000000000000	-1.0000000000000000	-1.0000000000000000	-1.0000000000000000	-1.0000000000000000	-1.0000000000000000	-1.0000000000000000	-1.0000000000000000	-1.0000000000000000	-1.0000000000000000	-1.0000000000000000	-1.0000000000000000	-1.0000000000000000	-1.0000000000000000	-1.0000000000000000	-1.0000000000000000	-1.0000000000000000	-1.0000000000000000	-1.0000000000000000	-1.0000000000000000	-1.0000000000000000	7.3708317048556538	7.3985074386219907	7.7522277806381972	8.4055139226526343	8.8565834868285087	9.2802511812664434	8.6611110383611454	9.4135132121194971
21.125000000000000	-1.0000000000000000	-1.0000000000000000	-1.0000000000000000	-1.0000000000000000	-1.0000000000000000	-1.0000000000000000	-1.0000000000000000	-1.0000000000000000	-1.0000000000000000	-1.0000000000000000	-1.0000000000000000	-1.0000000000000000	-1.0000000000000000	-1.0000000000000000	-1.0000000000000000	-1.0000000000000000	-1.0000000000000000	-1.0000000000000000	-1.0000000000000000	-1.0000000000000000	8.0024182290801136	9.2000816367723459	10.279085094250007	10.312185680796652	10.296694816929779	10.098781621314387	10.220459303737520	10.008728871009872
20.875000000000000	-1.0000000000000000	-1.0000000000000000	-1.0000000000000000	-1.0000000000000000	-1.0000000000000000	-1.0000000000000000	-1.0000000000000000	-1.0000000000000000	-1.0000000000000000	-1.0000000000000000	-1.0000000000000000	-1.0000000000000000	-1.0000000000000000	-1.0000000000000000	-1.0000000000000000	-1.0000000000000000	-1.0000000000000000	-1.0000000000000000	-1.0000000000000000	-1.0000000000000000	-1.0000000000000000	9.5812903208638218	10.339754492478271	10.399207007782515	9.9028863439921864	10.018581765036828	10.010062437932291	9.0337923161240532
20.625000000000000	-1.0000000000000000	-1.0000000000000000	-1.0000000000000000	-1.0000000000000000	-1.0000000000000000	-1.0000000000000000	-1.0000000000000000	-1.0000000000000000	-1.0000000000000000	-1.0000000000000000	-1.0000000000000000	-1.0000000000000000	-1.0000000000000000	-1.0000000000000000	-1.0000000000000000	-1.0000000000000000	-1.0000000000000000	-1.0000000000000000	-1.0000000000000000	-1.0000000000000000	-1.0000000000000000	10.158774971926114	9.7601020923645052	9.5706079664491668	9.8380690309471106	9.6594628473860240	8.9051615550692347	9.7413168070408318
20.375000000000000	-1.0000000000000000	-1.0000000000000000	-1.0000000000000000	-1.0000000000000000	-1.0000000000000000	-1.0000000000000000	-1.0000000000000000	-1.0000000000000000	-1.0000000000000000	-1.0000000000000000	-1.0000000000000000	-1.0000000000000000	-1.0000000000000000	-1.0000000000000000	-1.0000000000000000	-1.0000000000000000	-1.0000000000000000	-1.0000000000000000	-1.0000000000000000	-1.0000000000000000	-1.0000000000000000	-1.0000000000000000	9.4670498921998458	9.9534097692044128	9.4545741207293723	9.6672079551811549	9.7333837490113879	10.138206457800109
20.125000000000000	-1.0000000000000000	-1.0000000000000000	-1.0000000000000000	-1.0000000000000000	-1.0000000000000000	-1.0000000000000000	-1.0000000000000000	-1.0000000000000000	-1.0000000000000000	-1.0000000000000000	-1.0000000000000000	-1.0000000000000000	-1.0000000000000000	-1.0000000000000000	-1.0000000000000000	-1.0000000000000000	-1.0000000000000000	-1.0000000000000000	-1.0000000000000000	-1.0000000000000000	-1.0000000000000000	-1.0000000000000000	-1.0000000000000000	9.1723749927928822	9.3146387340948422	9.5297018974246690	9.9079927279023750	9.8283675332108373
cpt:C=3, cpt:clim_prob=0.33333333333299997
	87.125000000000000	87.375000000000000	87.625000000000000	87.875000000000000	88.125000000000000	88.375000000000000	88.625000000000000	88.875000000000000	89.125000000000000	89.375000000000000	89.625000000000000	89.875000000000000	90.125000000000000	90.375000000000000	90.625000000000000	90.875000000000000	91.125000000000000	91.375000000000000	91.625000000000000	91.875000000000000	92.125000000000000	92.375000000000000	92.625000000000000	92.875000000000000	93.125000000000000	93.375000000000000	93.625000000000000	93.875000000000000
27.875000000000000	23.239374525881288	18.258854162020949	19.677792725636738	12.796591606455539	13.764920408405731	15.047819883510924	21.343918860681203	43.459561821630800	37.475220956149755	44.944225181215607	40.945232909118829	47.221861882024093	56.432638402715952	59.603153348490444	78.975949491714758	60.519954953101305	67.004187549676033	65.291429090196090	84.590746940428303	81.446671268645431	91.224906178928919	94.630671060752974	91.694763546481056	85.671498801436712	75.450592868868526	75.101274733893362	79.034066941361289	80.279546227144365
27.625000000000000	23.823046477885544	26.283687550562142	17.550082574309396	15.191438624598138	14.701071973036829	18.333923479294771	18.550090559941559	32.359943786279764	30.999269480056974	35.578298443695786	32.894642548848537	39.124076723056092	61.901484736623004	72.937239163004534	72.689572052459724	69.277929984749079	65.730958538744275	82.791643261620408	75.314511233817271	84.707929384073765	76.550464048369378	86.999709412175491	81.599141319447483	72.206794647173439	82.699794615566219	72.603620135991491	76.732802546121846	79.587402476319497
27.375000000000000	23.857515366802389	21.117538393299679	20.815804772563968	18.795079961421131	17.092763623325730	9.8143962881931230	13.448853065451297	11.298605589841552	22.236332211357929	24.332675862755053	31.361280426315652	45.614381351285743	58.799130899902828	47.368904639518469	64.928493387516852	68.514930948931436	66.377576634072597	66.345176307780989	59.615243503888252	68.981777774457044	90.098784051541330	73.514372952187131	60.397449969595606	55.683503367928466	73.923604728898198	74.834618757596203	78.824448458783777	80.840467348375881
27.125000000000000	19.636256516244753	18.391387150345196	17.147249790800181	15.381238447486448	16.158678040443743	14.531061411062012	11.196647421855383	9.3416843519907715	14.102412067964332	20.226291678183280	15.194208902083368	20.751890213603122	34.605142667151839	50.518930702004504	48.891201646048181	42.205906952077491	50.572212529083437	46.453044936228913	46.833960314166070	46.704569435950880	45.524912885926689	48.990228951234037	55.994303780891471	73.985110894863951	71.078668191800574	73.851989982995775	73.565525705098509	77.515249284833331
26.875000000000000	10.590685293203917	12.938168966751881	13.896479385385993	12.187582449063200	12.216060365812707	15.252423413760582	13.724660319452017	8.6846517829362089	12.035464293603091	12.253730302053299	17.820924862109432	17.220192217313855	24.267309850875872	41.672176748325882	41.621695166261006	39.767841944880182	44.190175907290282	43.467343264767166	44.973835238409151	44.755773128554672	46.216081465161814	43.923162426869837	48.598030219549543	53.570550486496685	65.533416792400317	72.538091403063788	61.037446365303708	70.695494229191397
26.625000000000000	12.143636659861400	12.596534750586388	12.624675690351062	10.820867541623578	6.9649222985354351	7.0206713155529661	9.6461701195383096	8.1782610033133523	5.8234029062241799	8.8565567061258452	11.852455449574517	18.279035741489295	17.144817851312851	36.414185942500247	35.760046347189110	37.123576472795662	42.999503157101493	36.689222711701078	41.970968096423910	40.979726661088392	43.273228251809996	49.839795318470749	57.559663420233377	48.690306757937449	56.646267579464137	55.216893690712610	56.446129691827515	63.288125779500270
26.375000000000000	8.9492960431981619	10.622846742101643	7.4631397766144749	5.8380380184580725	6.5566729104702768	4.7710714511019621	3.6004586501834286	4.7712123595863343	6.2541267890432826	8.1786250965891156	14.222768218652490	15.847765080787335	23.195444956503600	30.015764278895400	30.920376428228629	27.594716854053360	37.971223666710728	37.660389321512447	44.953677366390885	50.955661787953858	57.809542795568994	60.870368979123349	52.491049061741158	49.331301953749183	57.966477207713638	60.584522111151209	64.594533297271923	71.218366613651398
26.125000000000000	8.7543180396409426	6.5001540145304615	9.1758391496155358	4.1187198801471618	2.8144054409622039	3.1054837964155619	5.6048997285298681	7.1760304258926073	9.1066183965233751	12.068131968502401	15.469211833375617	18.360144802082406	31.120471730703002	25.077242319627373	28.362712235348702	49.074734822792749	39.517525062676405	44.073045380763013	44.463530917615451	52.127884894867840	51.674117992371272	49.646485513114371	50.504174591035977	60.543570262661028	58.487306648621228	68.391922860316740	64.060859439301097	57.758668590773276
25.875000000000000	6.6986393448352333	5.0829645843634221	3.4494669334506933	3.2757311813605048	4.7698408889494663	7.2528888885845415	5.6903530118814283	9.2461190937746416	15.299316520028869	14.951135012116701	8.9245309208500672	12.653789539098408	21.403531571706825	25.125464813873755	34.501599879783093	44.420571562137269	44.127906055837826	39.150915663094167	44.108930619402436	49.340960856350470	55.858786464878875	56.514506335901075	57.055005999340281	57.802571699123042	55.346078767042947	45.848987786727427	48.910864693718580	47.693304604525352
25.625000000000000	4.7868969552217369	6.8829312283033559	5.3438473448215245	6.4276889201330096	6.5016373432396222	6.1122120417084158	8.5053404678077431	8.7014066884427663	12.006447972847068	12.826411580954245	11.285770379313661	20.058908699776186	23.570145385292328	41.042961561950897	55.111068510859816	49.811971176029424	47.964369199724537	38.227308529135136	40.137550882603648	42.468896436474715	42.995419951142146	51.483988993021399	40.235272643106569	39.527341126706759	31.338806496137561	34.717518053915967	40.780939792105983	38.570023034637487
25.375000000000000	16.011662819367388	9.5979867572245965	9.4843475352200901	7.5427639775619255	6.8391291175490077	7.2534250086375831	6.0612958239925412	9.7793100132098765	15.146598848237311	22.848985110148394	23.534509143718132	36.790537271174450	42.051816400838533	55.086417138269063	60.835261016457601	42.984876883649733	41.742761748631978	48.163108952167036	44.498916133765405	39.303536871989749	38.724688256128537	38.289943621004511	35.723587961191669	31.022879779569436	33.604204180444711	40.861852125262757	41.449216413444120	42.083099547776193
25.125000000000000	16.286469138757713	10.545158028348137	7.7792611361685315	4.4058555362915452	6.2299360439670775	7.8970018198029273	11.312976577824239	15.943940138275693	22.810186555534820	25.686832229317204	28.837076982042003	35.461456245492109	44.519119306582397	51.764555325409049	40.731690759633409	33.170272649009050	33.421937205484618	33.065935874867321	37.891865057088737	39.067474908305037	32.047658979249483	32.412173466893364	48.138200773918044	34.321568107971636	40.373990522838781	39.805241201287757	47.716327972418107	55.045204949039331
24.875000000000000	12.673682951779339	11.733691464903814	7.5480142635213827	8.2315036133583455	15.601454920217236	16.043990716090324	18.517304095184130	23.084871929990417	27.244861223293238	32.657235321189063	29.047472173092775	24.296350436199134	29.810236910747921	43.196973380904424	40.783887678079992	41.416799278853325	34.299006057371187	37.699448802885463	44.011506563780905	46.271538078654913	39.111910398836024	43.082186458578278	37.859191440035147	41.461388609796607	43.642053560389108	36.837675093804599	43.531805134167115	54.030181194364559
24.625000000000000	13.840149920912499	20.876217261183715	13.439954756920816	9.8512101029905637	15.013936140983208	16.274799730962229	19.944558251403638	21.134251645926021	19.678908073659986	25.795698658064740	20.123005069705449	22.338312296431667	24.728380100391430	38.595194097953446	35.951924776216956	37.409372324750379	32.515403845001650	36.271922495001050	39.664043980487293	51.610905479943156	30.049291821648218	35.700329571244907	39.445757711546463	39.631399027316675	43.669099328620987	41.850196888233256	47.828411002115040	46.905522503502475
24.375000000000000	17.462285534527478	22.132281751701480	22.536277357844519	25.871153899960763	22.802797990328312	28.410366687989942	21.385214532541795	28.309359848772665	28.720135046378520	27.986464049035042	21.511323330095578	25.501138579156628	33.373233591026576	30.714622789661679	28.383447773193176	25.906799596070890	36.280711261166246	36.569535003526831	43.287269516978746	45.944744391147516	36.128489442994841	33.504357498118203	34.154420746599889	38.569414814356598	45.171301877300664	47.317361513574205	48.666419803979906	55.380778547424249
24.125000000000000	30.982339209471128	31.357658960970330	26.849105542219061	22.513756655934266	26.867384654820199	38.551062122665982	31.441663064532392	40.762302489301383	32.377467311293671	29.925685601009398	32.719097922011670	25.390661626076351	30.603804549454416	28.059027287374665	26.945679580531419	28.759993187094118	33.345429248846166	38.637796546352369	45.318396256024442	37.223769649876417	37.493973095683671	34.134376060640399	46.253547019583330	45.508169724384153	46.390090542454466	49.888450149248058	53.735604931575629	56.976768757995202
23.875000000000000	27.303957813678910	29.475699777424246	37.439098915414512	37.969944048642887	41.791541339216685	38.624182414480948	42.481942522516228	39.391224372615881	41.813761161820146	42.729324989032570	36.048669527350022	38.002860451227825	30.485642519749902	28.361600008804732	29.676182512425004	32.509786308200120	29.380479160752138	38.697392976991296	36.262791955659296	39.019435447472688	36.394951236097675	38.878980045106353	48.600096621544495	45.672063406038596	44.047590129182502	47.724842225248935	43.802221909132392	48.074551035945909
23.625000000000000	32.411915559922306	28.160125557841447	51.261586597776862	46.443813514627124	44.680569974711744	43.056083518400726	48.034572214348344	45.214428284989680	42.447493816110743	44.476696892976378	43.681916285647354	40.332524002219074	37.375618330215588	28.455029417655702	33.645900432849054	35.233040775956368	35.047659859636255	36.276634824779755	36.142418310661526	31.588888921251908	41.511836580748671	42.286049336404211	42.650502143158199	41.082006674650678	44.807895434074247	49.965188773798275	49.169039864534106	48.019142074458031
23.375000000000000	42.676337855459217	47.593606102523218	54.525496803053031	41.841657074277130	40.369427096986513	38.620841406686537	38.759543731856589	42.512740034116490	41.189336059295670	42.229389851300404	39.570510041801697	39.391797621381585	40.807371284505003	31.150824500219297	30.537015077338030	37.835754606818043	36.603796756027265	26.500072029413658	25.293709564875588	31.782274128803550	35.078616396126442	36.394351226307556	44.266005726955157	43.488392197886334	37.455211742619390	37.837101377123481	39.896837728868256	36.030249016255588
23.125000000000000	50.758444863795191	64.415525387356894	48.281772154458565	41.552152156088127	47.417572569307680	43.214865897303731	36.986711741832316	33.629760493032094	31.642855601365227	38.783416405083884	43.202519823026108	35.148269021823644	39.841725292357452	32.141254059479643	30.160478865791745	32.655105347431956	22.684591295028575	20.526189571172896	23.384924863350008	25.580121634728748	28.696370685063560	27.732422522427573	26.212953359979394	26.372394784602481	31.611706495674795	32.030364777204490	34.119562863424889	28.224450574704441
22.875000000000000	62.767646192103953	57.915896483559280	54.046684327350377	47.747881668868473	45.525599248633206	38.368191425299109	32.818176081940628	37.864134847988055	36.236497788671464	42.209799167539927	38.404846386626943	37.699554033656355	32.100231505638497	29.747820910612848	24.471163109227714	26.050722375057340	21.846748569328327	18.592600683365266	21.891461797591383	25.708432354251038	23.114843020045967	23.106993501196794	22.550704456010344	24.698160006633238	25.111883098555900	27.789336512283935	27.575776650414792	28.327764000794147
22.625000000000000	54.810457720756254	51.994996193681494	62.822396925080916	49.620630201532215	48.010680346843557	48.650651847887701	40.156607987681944	36.936019246120857	45.934161815017951	39.287178389469410	31.589286326574062	29.022335234633346	30.045872112862103	26.367077424635387	23.088817420942284	23.075821687079497	26.027886154624095	21.128827107957527	21.156999508998585	18.663396151752899	19.309250881994910	21.375686510118229	18.736350381167828	18.379159219238030	19.073417148966410	20.186897604224129	16.446762442435315	19.640655686825433
22.375000000000000	56.271621889850309	61.767198009194665	53.836494379663492	49.172366102944103	45.782690671333739	48.256345308213305	42.406341956617801	38.371763620950183	36.557199428936599	28.936332681746137	21.916974255606192	22.930160259089007	20.226543964770290	20.926663874217670	22.606375926869557	20.264738824725303	20.974381886235115	24.257212448682232	21.036466715983121	19.474210444402008	21.010758376615531	23.597529726857740	18.562843200690420	16.105158485961677	20.574149338837536	20.261890017757935	22.055298424322515	27.936533227346271
22.125000000000000	66.646815750840389	62.592074419837807	54.673925292805080	54.133861692195495	52.684174867562014	34.009878429163777	37.458704167640974	34.327269403616860	33.035230489679016	34.767971500164627	27.319217157023921	24.880808449574378	20.989592279141554	24.112077551284695	18.627906369958652	22.275120052037426	20.846348158711049	-1.0000000000000000	-1.0000000000000000	16.239359533795970	18.317846759492603	18.918111313414883	17.328783059809187	15.985064226910604	17.444953573413361	21.344521371976441	27.058207202812234	28.268726645052734
21.875000000000000	66.822028223004097	62.068159040699797	51.436386342419496	50.484105093389566	53.488431245995386	35.978074865354372	34.383813619659229	28.659851266284914	32.851584468972831	30.025257772545100	25.947167444576301	25.083798500632703	21.682398766978693	20.130918510999258	21.373096200168256	-1.0000000000000000	-1.0000000000000000	-1.0000000000000000	-1.0000000000000000	17.400278064853421	16.729095534745436	14.883687886769332	15.485617500156307	17.205545992154097	16.157291480320161	23.695174227995043	24.346605408850451	22.049101297281858
21.625000000000000	58.268884498449957	60.980822133945068	57.161546470006243	-1.0000000000000000	46.505983927873253	43.002485096782365	39.019988073375792	33.209483744208001	31.824153120155358	-1.0000000000000000	-1.0000000000000000	-1.0000000000000000	-1.0000000000000000	-1.0000000000000000	-1.0000000000000000	-1.0000000000000000	-1.0000000000000000	-1.0000000000000000	-1.0000000000000000	17.914171324190374	15.980012433321402	15.480246098932710	15.952479844571629	17.430975717319903	16.029646839955920	19.535498937285318	23.217310988111116	22.913698061217438
21.375000000000000	-1.0000000000000000	-1.0000000000000000	-1.0000000000000000	-1.0000000000000000	-1.0000000000000000	-1.0000000000000000	-1.0000000000000000	-1.0000000000000000	-1.0000000000000000	-1.0000000000000000	-1.0000000000000000	-1.0000000000000000	-1.0000000000000000	-1.0000000000000000	-1.0000000000000000	-1.0000000000000000	-1.0000000000000000	-1.0000000000000000	-1.0000000000000000	-1.0000000000000000	16.778631855784585	16.799668516451931	18.297636273149568	21.495940755212668	23.500597486942294	27.035363458766128	23.382812444408263	27.810775019433443
21.125000000000000	-1.0000000000000000	-1.0000000000000000	-1.0000000000000000	-1.0000000000000000	-1.0000000000000000	-1.0000000000000000	-1.0000000000000000	-1.0000000000000000	-1.0000000000000000	-1.0000000000000000	-1.0000000000000000	-1.0000000000000000	-1.0000000000000000	-1.0000000000000000	-1.0000000000000000	-1.0000000000000000	-1.0000000000000000	-1.0000000000000000	-1.0000000000000000	-1.0000000000000000	19.632738293337994	26.268789100997282	38.488175429513014	40.084296129335378	38.892638051740377	37.550256548888839	41.194149454725455	35.502091988204484
20.875000000000000	-1.0000000000000000	-1.0000000000000000	-1.0000000000000000	-1.0000000000000000	-1.0000000000000000	-1.0000000000000000	-1.0000000000000000	-1.0000000000000000	-1.0000000000000000	-1.0000000000000000	-1.0000000000000000	-1.0000000000000000	-1.0000000000000000	-1.0000000000000000	-1.0000000000000000	-1.0000000000000000	-1.0000000000000000	-1.0000000000000000	-1.0000000000000000	-1.0000000000000000	-1.0000000000000000	29.081598925884620	39.738042774408591	44.224599304030754	32.864200520134553	36.397000901412021	36.410075172837523	26.270110321173018
20.625000000000000	-1.0000000000000000	-1.0000000000000000	-1.0000000000000000	-1.0000000000000000	-1.0000000000000000	-1.0000000000000000	-1.0000000000000000	-1.0000000000000000	-1.0000000000000000	-1.0000000000000000	-1.0000000000000000	-1.0000000000000000	-1.0000000000000000	-1.0000000000000000	-1.0000000000000000	-1.0000000000000000	-1.0000000000000000	-1.0000000000000000	-1.0000000000000000	-1.0000000000000000	-1.0000000000000000	34.514857942189479	31.051975307076091	29.926090821920930	33.252125908262975	32.467274614886840	26.471277728836114	33.875516438759966
20.375000000000000	-1.0000000000000000	-1.0000000000000000	-1.0000000000000000	-1.0000000000000000	-1.0000000000000000	-1.0000000000000000	-1.0000000000000000	-1.0000000000000000	-1.0000000000000000	-1.0000000000000000	-1.0000000000000000	-1.0000000000000000	-1.0000000000000000	-1.0000000000000000	-1.0000000000000000	-1.0000000000000000	-1.0000000000000000	-1.0000000000000000	-1.0000000000000000	-1.0000000000000000	-1.0000000000000000	-1.0000000000000000	29.220094519999364	33.302444449927677	30.543441431980096	33.067600319728328	34.836150668830882	41.444793468224574
20.125000000000000	-1.0000000000000000	-1.0000000000000000	-1.0000000000000000	-1.0000000000000000	-1.0000000000000000	-1.0000000000000000	-1.0000000000000000	-1.0000000000000000	-1.0000000000000000	-1.0000000000000000	-1.0000000000000000	-1.0000000000000000	-1.0000000000000000	-1.0000000000000000	-1.0000000000000000	-1.0000000000000000	-1.0000000000000000	-1.0000000000000000	-1.0000000000000000	-1.0000000000000000	-1.0000000000000000	-1.0000000000000000	-1.0000000000000000	27.955093476036154	29.204384067312411	30.765475432942761	36.070464959903227	34.381060707488118
