xmlns:cpt=http://iri.columbia.edu/CPT/v10/
cpt:ncats=3
cpt:field=prcp, cpt:C=1, cpt:clim_prob=0.33333333333300003, cpt:T=2019-06/09, cpt:nrow=32, cpt:ncol=28, cpt:row=Y, cpt:col=X, cpt:units=probability (%), cpt:missing=-1.0000000000000000              
	87.125000000000000	87.375000000000000	87.625000000000000	87.875000000000000	88.125000000000000	88.375000000000000	88.625000000000000	88.875000000000000	89.125000000000000	89.375000000000000	89.625000000000000	89.875000000000000	90.125000000000000	90.375000000000000	90.625000000000000	90.875000000000000	91.125000000000000	91.375000000000000	91.625000000000000	91.875000000000000	92.125000000000000	92.375000000000000	92.625000000000000	92.875000000000000	93.125000000000000	93.375000000000000	93.625000000000000	93.875000000000000
27.875000000000000	30.340032537768806	30.298084422793153	30.393742179841070	30.157841529586875	29.801017308133424	29.712256926986427	30.201424083604593	30.617703699099366	30.450320842540009	30.666451967300205	30.842435871173194	30.929723219058559	30.653446578166083	30.404868580442695	30.350006793084191	30.451967575957099	30.812326840533814	30.574806464001654	30.446102404306274	30.350909811252365	30.380625814549475	30.368217254956463	30.283789491214790	30.439046172494542	30.690736605064544	30.818359699422729	30.411057460752573	30.516785914453791
27.625000000000000	30.278950699954081	30.173974841913235	30.135622232958568	29.866972137739452	29.794031903304116	30.372695583132355	30.940293510352916	31.024165117430172	31.294025376137483	31.420477602300451	31.330645957087583	31.331618000933346	31.025380162217232	30.670417316665308	30.624244345900436	30.729909999911428	30.948299634353702	30.749014068045639	30.717151962482347	30.503826800364251	30.182559479539961	30.218487289963036	30.126799513923430	30.314901834474256	30.621359124628668	30.299447637617376	30.290877671115737	30.595091587204209
27.375000000000000	30.237007234069125	30.242044036853628	30.375973325674622	30.232143520025701	30.615528328989356	31.095076458206222	31.373204219194562	31.193168127538115	31.332156623878532	31.363836665563710	31.098496362046419	31.131023172582744	30.984092966184633	30.636030733758062	30.702873033989846	30.871801508910153	30.598932712429189	30.320267770655747	30.420053023756338	30.094898442065784	29.811270473329728	29.801094255187579	29.583627696195308	30.016897354338724	30.373445725826301	30.506305545312131	30.449414594387321	30.692985746820838
27.125000000000000	30.262411726977263	30.162954306712450	30.230420379395497	30.596069709964851	30.693188118885274	31.168998931178393	31.354294701363244	31.243956213854602	30.930006172596308	31.263207201462606	31.261664251533958	31.159313436538241	30.664427633063767	30.685381989719431	30.678796549594750	30.735511883060141	30.653748754745294	30.362439031167483	30.316500942633269	30.164667035254439	29.690887057783272	29.522186126672693	29.521083174170272	29.827278323993539	29.948175484056748	30.267120971942006	30.096343255026412	30.273461227293069
26.875000000000000	30.167583739533370	30.238013493712373	30.345042399568769	30.590440311401125	30.680106515886379	30.966766831086574	31.009484798565538	31.168044042925942	30.964715784565144	31.110457153302804	31.053178629914612	30.891408335991798	30.681120833227610	30.560032404755404	29.652497671326529	30.524407457666740	30.369731167272420	30.153580932855206	29.895388275319362	29.735796206159264	29.485742707084285	29.332057389594524	29.690961711905857	29.892161401256672	30.070615380287364	30.143199361339910	30.330752140684567	30.258674977996989
26.625000000000000	30.152055095228945	30.216848589391304	30.300426931259736	30.329232489118624	30.314142151459308	30.580940266170714	30.717453994043780	30.482268166640978	30.669877707279880	30.794211191278606	30.610507260376750	30.646242948870622	30.264916475278454	29.598056570663118	29.590210113683966	29.988822253907443	29.916552144202356	29.821184200895274	29.507976478445315	29.146962471995934	29.221967728419031	29.375400173214501	29.524963125454320	29.483024548270052	29.690616649299216	29.726476616835058	29.702940803067975	30.327079665514887
26.375000000000000	30.025404590494858	29.911676283384580	30.147243778267750	30.009095242509559	30.205536463619069	30.504948131607065	30.696012622038737	30.581826535838530	30.070727728463936	30.242939511494811	30.112397854105524	30.190727181608636	29.967845693244016	30.362304106105782	30.181630366179604	30.168541978903932	29.992801690067523	29.713243243915059	29.519324579657109	29.396519025271118	29.118356445318284	29.597995936016673	29.668341318788066	29.549096339836467	29.419048622763782	29.347846539441662	29.686582482177954	30.124668621837003
26.125000000000000	30.224481013578639	30.336343735140119	30.322273741857316	30.194798028386273	30.451202432812735	30.498299545562631	30.617383889311682	30.179451657069961	30.473548915479228	30.363068724864604	30.245156616415699	30.180176082265291	29.899478785658147	30.103638227628679	29.909735656102583	30.241696043996754	30.326732164174857	30.182066289632957	29.886779957046741	29.865521406071409	29.452397401671575	29.525681024187151	29.668444079533685	29.539034164901452	29.668790714096190	29.436152102422682	29.597695328328854	29.894209289128938
25.875000000000000	30.182304533021124	30.162881784750255	30.164402409175466	30.286120301951740	30.328000973520147	30.432002707961786	30.468005380314736	30.271748100146127	30.311169211549156	30.141725360956514	29.869495856529454	30.024124092573729	29.949805944731679	29.947878286427127	29.969926222192171	29.893479043999122	30.293696849722835	30.303869710300120	29.929415006253237	29.884582866121761	29.445514511592521	29.594261777409542	29.598599455361210	29.706450327227913	29.349815510176569	29.429837300085666	29.322797281097706	29.812282243466143
25.625000000000000	30.403405259378857	30.100079054004027	30.202930855059591	30.261184438640498	30.461819987988761	30.502102409191906	30.347510555175887	30.032583214826204	29.637911804347510	29.854800839003531	29.794995288518038	29.693154105406023	30.025684496480025	30.099353887995832	30.013361370160212	30.091482035040130	30.204747592849984	30.167937736272307	30.333728189037188	30.300916191130000	29.927440042384461	29.813648418895255	29.869117301064691	29.867119376162222	29.607533173680707	29.580014297117501	29.541123813599796	29.807711406000138
25.375000000000000	30.462896683415238	30.260638889968590	30.296315282236336	30.459691625594516	30.518262415038123	30.528305735891436	30.007429429267262	29.836963858508142	29.864930091785340	29.955044832405406	30.203818386905979	29.949032305398987	29.774983966092179	29.951464460137544	30.288533349298746	30.560733821990624	30.526926729982634	30.434813907354226	30.747908416223410	30.672171126581645	30.760170447658510	30.560020917406746	30.362577413512739	30.208380680803188	29.827588182120508	30.096600434501781	29.907228709843167	30.066723118673352
25.125000000000000	30.541861111116475	30.588961058487357	30.405006234090024	30.624961958400789	30.336015947379153	30.305795999765067	29.863718614265110	29.962047999039768	29.942451839819654	30.230372931300380	30.339806492395056	30.125924990196239	30.106961761347691	30.029569283943886	30.382755364357365	30.410821190601951	30.552227731196183	30.515529800022207	30.550231394778521	30.715625578427307	30.799836057109914	30.704702805294488	30.661021689261219	30.523467109249708	30.282101444119249	30.166638004799822	30.035845684491676	30.388886716338703
24.875000000000000	30.507014512142078	30.579969277592724	30.294156682150856	30.218892221733824	30.201928495071655	30.445428332099866	30.304392023571580	30.301970141822721	30.242846343886413	30.182393097133357	30.252054725340230	30.451009773969773	30.371127757118828	30.397280496619047	30.540930699051643	30.322834446748303	30.400226587633512	30.430236174705726	30.657285771961341	30.986168781953424	30.811841675486846	30.775766320001125	30.757450231625612	30.637710677696219	30.714648945244733	30.274667290850985	30.063029695644602	30.367111678456425
24.625000000000000	30.472782354853905	30.560456651683694	30.439423375824546	30.664003712281485	30.576597293715608	30.468864557710347	30.406117457260180	30.245656138872135	30.495678169690692	30.564773544602701	30.390704001322845	30.177438883859736	30.421557208477580	30.411125475527314	30.488557438602868	30.615401792408804	30.530505716726822	30.753194691243763	30.774793577268284	31.052859278471587	30.702712708912500	30.655247475613791	30.661584047327821	30.754696441108493	30.621514041454390	30.500514490669957	30.176240866798977	30.330536762579754
24.375000000000000	30.565569797308029	30.527386024466779	30.663355067896617	30.528814528708978	30.481473589915424	30.589456237762064	30.421644484161632	30.422731513967435	30.502447950310128	30.503326390916669	30.372424244617477	30.350524644757712	30.549201056584963	30.343137569498253	30.635553351304594	30.705985430616025	30.739142710471839	30.557404216839757	30.965245304690967	30.924622503239590	30.739820241311591	30.770742589877671	30.592521941731661	30.584223258704796	30.608176521215867	30.490199701110072	30.306126121340853	30.496280014252136
24.125000000000000	30.837353917923750	30.777952426655744	30.753790153629495	30.690361393184176	30.938100637533665	30.868325853708484	30.729634762057216	30.540528586136787	30.543437558720953	30.619141424959778	30.685298425360614	30.391595856197199	30.297009536925060	30.511492648189318	30.694955831651299	30.772321588160850	30.696220277863276	30.762528240734071	30.847224583299734	30.946551875584845	31.097664481424729	30.809494998682709	30.660711443870042	30.855491783343282	30.947529188302497	30.356745169716135	30.039476315044183	30.523533880586314
23.875000000000000	30.917634000140552	30.780259484698050	30.674451074783690	30.776073331133418	30.856947075918256	30.950276820178146	30.790042293593373	30.688997053566027	30.686517450248175	30.655729725267250	30.753838139230567	30.634933125309672	30.486215030570250	30.487713065506867	30.533546496599854	30.678971749969492	30.765824095168455	30.819177872405760	30.867259851026247	30.807180019438960	31.048301791360061	31.238910987114139	31.222278446187076	31.237326261192109	31.059466877107880	30.667709151703420	30.447040647061712	30.629879421632580
23.625000000000000	30.874284908735746	30.748495683214031	30.710402562634115	30.499511623996924	30.630797206821001	30.899678309621649	30.862237713805584	30.890818875659718	31.052340133717095	31.098538849546117	30.879993436179404	30.807519886139872	30.621090301928163	30.648236528830978	30.593053659672648	30.423297292221676	30.668228628641643	30.698676126907969	30.755311629868615	30.765122980395205	30.979138064673336	31.177048707997855	31.261091263398114	31.407962697239128	30.977257769222447	30.601434757763755	30.303794392045774	30.703455149652754
23.375000000000000	30.825039423639154	30.840569024275553	30.735488684186677	30.701474353556179	30.760899320819803	30.806180248739963	30.940894343663629	31.036283551515425	31.117624879823623	31.089049466475643	30.978535894312500	30.904303879583537	30.653569255962068	30.653466563165196	30.607675682902723	30.691021047404504	30.642135610796714	30.582629762523595	30.571779979856146	30.879200409195093	31.078305320703834	31.215838299851058	31.347525426649909	31.276402941019086	30.929837680859634	30.707849453352523	30.672073497195882	30.789340010564899
23.125000000000000	30.935164756480333	31.022841135340542	30.960955619749171	30.892979691358050	31.000175600618491	31.014639903140278	31.028048752561816	30.992555660759507	31.095564294168952	30.982740291430687	30.989744336511905	30.766963605679521	30.582570749258338	30.528885451511158	30.395081760056385	30.449669103004268	30.485759788572693	30.822977155649468	30.841488218816934	31.073463711416565	31.094815134371558	31.089336965460419	31.183726202922244	31.092166664924406	30.818449917182349	30.696484254193109	30.975435416290026	30.956599541000031
22.875000000000000	31.154098489664079	31.083345876845456	31.082857054037632	31.049793886944357	30.938570156968368	31.047306103242022	31.018052277960223	31.001267910177020	30.977241840145510	30.966905203185263	30.956856021102936	30.781528646453495	30.632303255738563	30.697067778379775	30.493321435078968	30.489080399460775	30.627350560279993	30.966915004076995	30.902054567837439	31.020349817311555	31.069213201187850	30.941167693378205	30.823302104214633	30.783189256514689	30.603374991253659	30.642455899434751	30.827875649325719	31.042583560424831
22.625000000000000	31.111063806704252	31.129748760251118	31.214023084351552	31.061795792957511	31.079469416943823	31.091188818889634	31.079225403232954	30.876269247225196	30.894980706207107	30.975225683562940	30.926741309578915	30.755831630054715	30.573950055170101	30.667208716442190	30.672409476114296	30.759400031646123	30.789815168692968	30.931717158970969	30.913475299806464	30.917293662242301	30.953394619033148	31.003830220765337	30.812866032318695	30.944931335875353	30.650694713998334	30.731119516879886	30.923313253217600	31.154338038935350
22.375000000000000	31.012647064111889	31.041797320502042	31.130452745147721	31.130062127789202	31.171115782411334	31.200866554528531	31.186440232537151	31.035325726285208	31.015159937417380	30.997630562778269	30.940492308579266	30.737929671316607	30.657695612312082	30.757612531460410	30.713765402296318	30.801737432044106	30.707230648301547	30.900741506613414	31.065949637730697	30.835812276826815	30.904761195589515	31.187710366765970	31.145899716492536	30.924062842355312	30.853413351600736	30.828850473667188	30.998424571880193	31.188066456738326
22.125000000000000	31.043011041128111	30.992358342864563	31.174345309640231	31.167450905441825	31.199990604899881	31.095870178579091	31.072435919777803	31.005487733880656	31.064335663902170	31.038216705589306	30.906579603168552	30.838321318497222	30.773307995814804	30.777610753275923	30.780308916612427	30.709693956543106	30.730417543156136	-1.0000000000000000	-1.0000000000000000	30.918580991711835	30.865990543851879	30.993947057542456	31.199356718686957	31.049730009556882	31.011183130848735	30.957879980933086	31.324028729241888	31.394835590336157
21.875000000000000	30.991884741548802	30.962922835616652	31.044738219882646	31.153619337491449	31.171165009030403	31.107288126521695	31.055597376375417	31.006798508642390	30.990801046628150	30.963078574996473	30.964909694187327	30.821338590067654	30.796035539754612	30.864040203657140	30.834539931032282	-1.0000000000000000	-1.0000000000000000	-1.0000000000000000	-1.0000000000000000	30.801725723965561	30.762359742545385	30.987640563484661	31.059808604067968	31.467113418782105	31.458861948018210	31.165404634424164	31.281228665461967	31.423471992884316
21.625000000000000	31.000646626995490	31.023611118023325	31.089062077401991	-1.0000000000000000	31.311630479314047	31.289586066997828	31.066955332374391	31.010486688969792	30.991671301720046	-1.0000000000000000	-1.0000000000000000	-1.0000000000000000	-1.0000000000000000	-1.0000000000000000	-1.0000000000000000	-1.0000000000000000	-1.0000000000000000	-1.0000000000000000	-1.0000000000000000	30.666741444486931	30.778618999613187	30.999958208381315	31.277366233856725	31.514945999787543	31.349640293353445	31.061670731781149	31.104698201363917	31.185543972439774
21.375000000000000	-1.0000000000000000	-1.0000000000000000	-1.0000000000000000	-1.0000000000000000	-1.0000000000000000	-1.0000000000000000	-1.0000000000000000	-1.0000000000000000	-1.0000000000000000	-1.0000000000000000	-1.0000000000000000	-1.0000000000000000	-1.0000000000000000	-1.0000000000000000	-1.0000000000000000	-1.0000000000000000	-1.0000000000000000	-1.0000000000000000	-1.0000000000000000	-1.0000000000000000	30.808384035314830	30.822629937636620	31.295718304874583	31.593826050950355	31.632269784808756	31.506891791656642	31.256774057132162	31.268590634439676
21.125000000000000	-1.0000000000000000	-1.0000000000000000	-1.0000000000000000	-1.0000000000000000	-1.0000000000000000	-1.0000000000000000	-1.0000000000000000	-1.0000000000000000	-1.0000000000000000	-1.0000000000000000	-1.0000000000000000	-1.0000000000000000	-1.0000000000000000	-1.0000000000000000	-1.0000000000000000	-1.0000000000000000	-1.0000000000000000	-1.0000000000000000	-1.0000000000000000	-1.0000000000000000	30.731337521486608	30.880943095873420	31.318639994098234	31.588695805257402	31.894751820991132	31.687323933023137	31.472836565029212	31.491736009068461
20.875000000000000	-1.0000000000000000	-1.0000000000000000	-1.0000000000000000	-1.0000000000000000	-1.0000000000000000	-1.0000000000000000	-1.0000000000000000	-1.0000000000000000	-1.0000000000000000	-1.0000000000000000	-1.0000000000000000	-1.0000000000000000	-1.0000000000000000	-1.0000000000000000	-1.0000000000000000	-1.0000000000000000	-1.0000000000000000	-1.0000000000000000	-1.0000000000000000	-1.0000000000000000	-1.0000000000000000	30.850357902778327	31.055746143759393	31.327660159387278	31.510210227026775	31.921008499387327	31.793620900111691	31.677130272751100
20.625000000000000	-1.0000000000000000	-1.0000000000000000	-1.0000000000000000	-1.0000000000000000	-1.0000000000000000	-1.0000000000000000	-1.0000000000000000	-1.0000000000000000	-1.0000000000000000	-1.0000000000000000	-1.0000000000000000	-1.0000000000000000	-1.0000000000000000	-1.0000000000000000	-1.0000000000000000	-1.0000000000000000	-1.0000000000000000	-1.0000000000000000	-1.0000000000000000	-1.0000000000000000	-1.0000000000000000	30.993064341985814	30.969080323663050	31.017162036228399	31.585038660883711	31.803454700395434	32.010853335669012	31.936480913803337
20.375000000000000	-1.0000000000000000	-1.0000000000000000	-1.0000000000000000	-1.0000000000000000	-1.0000000000000000	-1.0000000000000000	-1.0000000000000000	-1.0000000000000000	-1.0000000000000000	-1.0000000000000000	-1.0000000000000000	-1.0000000000000000	-1.0000000000000000	-1.0000000000000000	-1.0000000000000000	-1.0000000000000000	-1.0000000000000000	-1.0000000000000000	-1.0000000000000000	-1.0000000000000000	-1.0000000000000000	-1.0000000000000000	31.013178951451508	31.059430996855653	31.209326167340706	31.361516789967197	31.598242047404938	31.854202580140196
20.125000000000000	-1.0000000000000000	-1.0000000000000000	-1.0000000000000000	-1.0000000000000000	-1.0000000000000000	-1.0000000000000000	-1.0000000000000000	-1.0000000000000000	-1.0000000000000000	-1.0000000000000000	-1.0000000000000000	-1.0000000000000000	-1.0000000000000000	-1.0000000000000000	-1.0000000000000000	-1.0000000000000000	-1.0000000000000000	-1.0000000000000000	-1.0000000000000000	-1.0000000000000000	-1.0000000000000000	-1.0000000000000000	-1.0000000000000000	31.173172247694794	31.239560350829535	31.227495189706616	31.442706041333992	31.750009210812678
cpt:C=2, cpt:clim_prob=0.33333333333400000
	87.125000000000000	87.375000000000000	87.625000000000000	87.875000000000000	88.125000000000000	88.375000000000000	88.625000000000000	88.875000000000000	89.125000000000000	89.375000000000000	89.625000000000000	89.875000000000000	90.125000000000000	90.375000000000000	90.625000000000000	90.875000000000000	91.125000000000000	91.375000000000000	91.625000000000000	91.875000000000000	92.125000000000000	92.375000000000000	92.625000000000000	92.875000000000000	93.125000000000000	93.375000000000000	93.625000000000000	93.875000000000000
27.875000000000000	32.998030013241625	33.090654477661694	32.891638333762934	33.221725762562357	33.783649992485351	34.019814674406618	33.171505098445635	32.502463011633409	32.780243473502352	32.452486299860560	32.174136963998642	32.033090574026076	32.602541801441255	33.044979743650927	33.243142464768894	33.035499458777778	32.535784927200545	32.993501062586041	33.231707835015300	33.339186524100192	33.218830048329743	33.282002520187831	33.302972079292310	33.019974173255889	32.539032730493609	32.328418620013984	33.029408275133768	32.867183780378532
27.625000000000000	33.064173445218159	33.225781439677554	33.301156617619654	33.733838631027226	33.808465624497032	32.826029025662734	31.929681539644413	31.812065477109087	31.457389708556271	31.255863582101540	31.364052266742313	31.415751013928741	32.007606189798295	32.690868822143706	32.834363366836541	32.657540286462172	32.332252042163240	32.693505124903687	32.778471002046047	33.060613463704939	33.509436919492479	33.515081267694086	33.571233950841624	33.184385711516065	32.642219205447816	33.220456147718863	33.225070695965996	32.786667521693616
27.375000000000000	33.182697841816378	33.162124644843736	32.883120294086950	33.126883514690689	32.441896394858688	31.662502885680091	31.269941606840113	31.619490827958508	31.406101915585090	31.327452994084837	31.830988394901979	31.794780800853182	32.067451512159700	32.681367662819596	32.622916355509375	32.392487702714192	32.799279984619510	33.280077485609588	33.263700003952330	33.710624031221890	34.185986324715486	34.160479437164234	34.466369853577632	33.692284845143789	33.075478467970548	32.921935378485294	32.998862504429205	32.658750492459468
27.125000000000000	33.115354145783556	33.278682408189958	33.120500465215152	32.496531561025350	32.342980040565550	31.575462304487004	31.266975137053983	31.457168549634702	32.006762940410624	31.503117155408304	31.520164958095613	31.728905117701395	32.597726030783029	32.504638155588900	32.504219979198609	32.431496482769653	32.558276468183294	33.087460733690669	33.330630795443518	33.617536277266971	34.368500792617098	34.601320430412287	34.501800941562784	33.943294963144218	33.723864090593985	33.224418281860636	33.585229925389449	33.279785263243397
26.875000000000000	33.301917654822638	33.116840204641882	32.926938936672229	32.476366516933126	32.315489136022464	31.859928831134411	31.783832870573804	31.574169677883020	31.935191595603825	31.693276724486729	31.864001381662305	32.087268375286534	32.512106173938101	32.714871215961686	34.185092075220787	32.755481533753255	32.976881341715007	33.403863409369642	33.936371211885728	34.180983563693154	34.603619102609635	34.795162844789012	34.040582901541015	33.650807788543837	33.407914411441411	33.377232232523177	33.112972481422091	33.206892360422579
26.625000000000000	33.235226284258722	33.087334060527532	32.941225274280150	32.882434978593380	32.891056680621261	32.444641925336917	32.234179673647873	32.624093597516314	32.298691998531510	32.094229088830133	32.445069603423491	32.358940686565525	32.985396579831914	34.171948869041493	34.236614203577318	33.575997354005068	33.680678792026058	33.857960697561097	34.427589957454117	35.084589695383904	34.975307102647413	34.576714845677948	34.294987478665597	34.348234757143942	34.038656513503447	34.031750055774481	34.066622997834202	33.052509170770520
26.375000000000000	33.424684200070146	33.575129665749344	33.160590599904872	33.369799757106485	33.039385869262581	32.551635670916923	32.248963086622950	32.431082433159460	33.273049909559496	32.998465484428927	33.213297697335484	33.136220720786284	33.550745953409816	32.939714019093785	33.258890711536822	33.367465264330257	33.681908823444971	34.118146268834920	34.409465145670410	34.669333921763624	35.079891902101281	34.201720418045845	34.113089185580563	34.297463390307165	34.555073393803752	34.698260176901591	34.173425859733122	33.362852784511446
26.125000000000000	33.131358143505118	32.882066802233069	32.885654623798111	33.090448660526356	32.619930018732887	32.538963412006574	32.338336553127327	33.086241017532863	32.613570887729374	32.856916530868027	33.066732058596315	33.256271738542260	33.741843465229209	33.456099690139645	33.798728484274640	33.268570752092430	33.068982040561494	33.415879094818315	33.955104374596019	33.979296172223449	34.515474442109117	34.384976578636817	34.170035233482018	34.373919046696727	34.141534316331963	34.573305673238870	34.292149594584153	33.770768810800384
25.875000000000000	33.218605736920040	33.208247668275163	33.169902062327026	32.914252221401512	32.822953631257803	32.646648289053168	32.603921606500840	32.964750059864521	32.933416268212980	33.288124560111214	33.772998171087160	33.602580078480948	33.767483080025876	33.821422641317014	33.790311020741292	33.889779941030525	33.245023698152622	33.304257063832253	33.907618847525370	33.953263152643551	34.634666186406619	34.269947708855490	34.290328714797724	34.098099990352111	34.732112426506106	34.651555576052054	34.801823488560096	34.037076780204551
25.625000000000000	32.874509564395836	33.309904526708848	33.066539747468354	32.954699430498465	32.613455130952417	32.556541240701506	32.862937774019152	33.409291696820510	34.142649791610218	33.825317209202709	33.937816184892036	34.190215574607699	33.712950597035267	33.586479153915541	33.661029258392453	33.529265235694474	33.380702002659582	33.563253810740385	33.289140900223515	33.341527558280340	33.876818848275526	34.028527531028708	33.979526255722483	33.952405086968398	34.351559977030497	34.348081454302481	34.428654122652901	33.995886970548661
25.375000000000000	32.736041557475374	33.026314432820151	32.928877036850260	32.645493643529967	32.582250458629474	32.556673195671813	33.417819191822893	33.784956035439649	33.786218188679605	33.665722630156935	33.278323177204854	33.738559493716195	34.007667987137822	33.691327970313807	33.137217566283987	32.744916773840593	32.867587741857079	33.057259533932509	32.613828087058963	32.692044213281228	32.631854912779673	32.929737117326624	33.253615528868409	33.524623239045980	33.980392892048570	33.525128401242718	33.805363100113212	33.458669717114766
25.125000000000000	32.596615229056354	32.497990910130440	32.776708821221249	32.373095625809263	32.920130591147625	32.967469487402830	33.698667135090950	33.587190019266643	33.660634833566832	33.187793883871208	33.055154672860873	33.432783752503553	33.426749259107609	33.582487180091221	33.004284941271578	32.972052887411678	32.749310114162419	32.891885850133598	32.871638215820440	32.658110661821482	32.441452304401110	32.629526306892487	32.734072223315209	32.966041380404924	33.308036564824569	33.458479177874857	33.529617849624543	32.910153811571192
24.875000000000000	32.739336257872381	32.548434365202667	32.969648104171007	33.130315374061823	33.172324364264362	32.765051995871495	33.049574218888289	33.132836477952019	33.201949202630480	33.311319282490949	33.223980485231380	32.943840923118763	33.056865279540794	33.090688624337261	32.861126829525325	33.160220425374668	33.045389670228211	33.041816652260401	32.688321703782648	32.157638028416656	32.423300744671508	32.491890603033426	32.501642489919448	32.688382092163330	32.592129364962332	33.329187870898672	33.631048838102842	33.028879113730596
24.625000000000000	32.883032466511743	32.676043871340006	32.833194043825763	32.462617084725267	32.612213004447511	32.835232286851898	32.954531507534156	33.249465322510389	32.854515639324539	32.766714581337894	33.082498480676257	33.406255395943269	33.097780647006701	33.131160963307316	33.030264304932686	32.888944113444225	32.972988696049455	32.624828373028841	32.578515981136498	32.129285723949657	32.634502629599865	32.731128036257338	32.699962041373382	32.531308200561568	32.768388087606965	33.037558444165299	33.432633357095000	33.162525122782249
24.375000000000000	32.754494303557919	32.795956824628689	32.496200545438342	32.749807151441743	32.866630494085044	32.688206052983190	32.991143601542568	32.970355492219845	32.889382766300805	32.886349743686473	33.143870569590931	33.213318282728899	32.909895357255962	33.241510577710315	32.908968020897348	32.830964290405589	32.748483247768149	32.993699151916580	32.391012745942277	32.389428232148980	32.713032350340498	32.676674031911602	32.886987996168791	32.846048704471102	32.872122013160983	33.096583630757472	33.255514022174808	32.876642925798336
24.125000000000000	32.361981726667487	32.467604280897959	32.395474845961594	32.530579569042018	32.161839457686838	32.224754579898182	32.509874210549938	32.822667387067789	32.874963459212452	32.768790204127022	32.744819643416939	33.235069115153458	33.343781529028355	33.002557323961199	32.790044842213625	32.723038859733883	32.839892627940976	32.774493256208515	32.655336390783866	32.500358516080126	32.269408871577006	32.658520586827215	32.782105457752543	32.560933276315829	32.417915915528596	33.324896654959538	33.663678525581794	32.855453216138528
23.875000000000000	32.284255335735082	32.551003061794646	32.732410092052852	32.494183659267975	32.261254762299600	32.158264458163082	32.472460791346741	32.681041288748801	32.730063828283761	32.762234333617855	32.652455427936701	32.888260967320655	33.103959952783384	33.057053388783110	33.000420455755567	32.851532979374802	32.756598225386419	32.689495344876782	32.609974783475401	32.696827383518006	32.356320044785178	32.120096236502029	32.134862334071215	32.096588763576676	32.320023304786261	32.869363018498852	33.061382657872052	32.692017717447364
23.625000000000000	32.467850557885477	32.649915430471808	32.667149712309445	32.914636710727606	32.696019293098409	32.289170201043021	32.413895457248600	32.452224007751965	32.264396258792672	32.196988618710044	32.505546942520709	32.621271685076934	32.848956281883751	32.790842304994435	32.897125370414876	33.204687780328818	32.890042581780087	32.850513933186690	32.786870582087673	32.773378018136953	32.467194779109214	32.230190604791360	32.105244341262733	31.912482028968128	32.528064788362684	32.989534036093730	33.365071593863725	32.708644664146682
23.375000000000000	32.653161854490591	32.580038674810950	32.665804640975715	32.666080303778642	32.570097452803893	32.498055851127759	32.328574765306740	32.275245915776864	32.205360802492173	32.229969763149050	32.378745828168043	32.399824017252215	32.766695419030086	32.799645694549952	32.911523079925693	32.855304052087362	32.910972104105348	33.014555993112012	33.024985808789459	32.618762771555716	32.336862945587363	32.121985595226334	31.977914646403413	32.102874097111268	32.582073667968736	32.871439252404883	32.893385518435764	32.776460075494882
23.125000000000000	32.487540092025554	32.333522598439949	32.400237831731694	32.450204129057191	32.334826207077569	32.299073768351548	32.340298207333518	32.374111104443152	32.239598006597916	32.368165121427637	32.387065904427352	32.652042228769837	32.868069478563235	32.992020656269062	33.228145504657611	33.151576644890348	33.087064652186015	32.634725340355331	32.622085818885495	32.348558257956967	32.315746259417523	32.310363062679158	32.204926999583222	32.375588679205080	32.730151909680934	32.938320242009354	32.557373479497450	32.522604186289257
22.875000000000000	32.197870781833437	32.311863216332839	32.273161533857021	32.265234848521288	32.417230369506065	32.334470507816341	32.361635444740692	32.365586917944782	32.385259040506895	32.407482978538141	32.446076647671070	32.647799630201241	32.809310398983150	32.720797133787066	33.041883453611511	33.055490428918333	32.901746312086097	32.430371718080927	32.538410661967518	32.390260794055244	32.338536670839090	32.524543393462402	32.674507636571740	32.762250439950186	33.028424702655549	33.004100220059520	32.698864953000047	32.509193122834063
22.625000000000000	32.292311527063340	32.280506781411098	32.119128950274522	32.330234492771858	32.280582930938152	32.285910070031903	32.295748073879288	32.476299924834194	32.467099658980153	32.405939775323425	32.478804556180485	32.759763897105096	32.956123410365905	32.752697917623770	32.752139846546086	32.663451872609350	32.658075547102470	32.481697093559774	32.508774610544386	32.529597169346296	32.474505815770918	32.387494296079261	32.658885051417691	32.519814915315372	32.934558568633371	32.839588858867401	32.533644918731504	32.310087389865259
22.375000000000000	32.429779103801799	32.371845087979807	32.255964741602590	32.299852227512801	32.226328094308798	32.179865166844422	32.169813866043732	32.351301041357750	32.344646662863966	32.386631670399574	32.441976005922029	32.740615174657414	32.847104903807889	32.668205521986081	32.725215431038997	32.627552082180486	32.814237837722366	32.545851147028216	32.307385796144345	32.612136038971919	32.543426844390673	32.156802241764190	32.180650112573041	32.528088109280432	32.700057673274003	32.779211692101633	32.562721657700777	32.260490776399479
22.125000000000000	32.447812380658434	32.466421358330862	32.242675221461226	32.269017775722652	32.198377404000837	32.308450910743055	32.286486657269904	32.366252233002193	32.315593515882512	32.289492067921209	32.535616013845313	32.595632588637180	32.681553846165720	32.641454615933547	32.614131414879061	32.808480425578331	32.778082349190299	-1.0000000000000000	-1.0000000000000000	32.529346182806734	32.628640659207882	32.411011938938323	32.159793183435006	32.372126959901266	32.471089200250894	32.568165679296506	32.092186608121303	31.986135889947249
21.875000000000000	32.561613584981259	32.610748735265474	32.509505979391193	32.256733773024123	32.218906947461598	32.284603152988304	32.325536841139943	32.397492343848647	32.438124328606584	32.466618299576901	32.431862690655500	32.662022910678566	32.706594994554187	32.510413768655852	32.604168498468539	-1.0000000000000000	-1.0000000000000000	-1.0000000000000000	-1.0000000000000000	32.754116773737834	32.800909001005522	32.435562282190809	32.318654615662382	31.858906823773303	31.884135374604419	32.302371916229404	32.124766211894929	32.024102792009813
21.625000000000000	32.569576899855818	32.515865129013235	32.432110775439661	-1.0000000000000000	32.044809770872469	32.067638985060235	32.336703622263542	32.445208282428851	32.443406488510483	-1.0000000000000000	-1.0000000000000000	-1.0000000000000000	-1.0000000000000000	-1.0000000000000000	-1.0000000000000000	-1.0000000000000000	-1.0000000000000000	-1.0000000000000000	-1.0000000000000000	32.982262592550548	32.726742669577604	32.425959274510852	32.157968066561160	31.832248863635456	32.131183181427978	32.501803843920982	32.432085393886986	32.406713408668921
21.375000000000000	-1.0000000000000000	-1.0000000000000000	-1.0000000000000000	-1.0000000000000000	-1.0000000000000000	-1.0000000000000000	-1.0000000000000000	-1.0000000000000000	-1.0000000000000000	-1.0000000000000000	-1.0000000000000000	-1.0000000000000000	-1.0000000000000000	-1.0000000000000000	-1.0000000000000000	-1.0000000000000000	-1.0000000000000000	-1.0000000000000000	-1.0000000000000000	-1.0000000000000000	32.910195078473599	32.976114760096628	32.311039566695086	31.734457602399871	31.712907394185187	31.925210598884433	32.389841910306728	32.377367787361614
21.125000000000000	-1.0000000000000000	-1.0000000000000000	-1.0000000000000000	-1.0000000000000000	-1.0000000000000000	-1.0000000000000000	-1.0000000000000000	-1.0000000000000000	-1.0000000000000000	-1.0000000000000000	-1.0000000000000000	-1.0000000000000000	-1.0000000000000000	-1.0000000000000000	-1.0000000000000000	-1.0000000000000000	-1.0000000000000000	-1.0000000000000000	-1.0000000000000000	-1.0000000000000000	33.096238319553201	33.019931118189135	32.370428585350936	31.929417717248775	31.373355785494240	31.769512861940427	32.173343324340003	32.129083350264793
20.875000000000000	-1.0000000000000000	-1.0000000000000000	-1.0000000000000000	-1.0000000000000000	-1.0000000000000000	-1.0000000000000000	-1.0000000000000000	-1.0000000000000000	-1.0000000000000000	-1.0000000000000000	-1.0000000000000000	-1.0000000000000000	-1.0000000000000000	-1.0000000000000000	-1.0000000000000000	-1.0000000000000000	-1.0000000000000000	-1.0000000000000000	-1.0000000000000000	-1.0000000000000000	-1.0000000000000000	33.016344740524033	32.759751276498648	32.387085617255131	32.095571295717420	31.436374136594196	31.641475367595596	31.858893659630802
20.625000000000000	-1.0000000000000000	-1.0000000000000000	-1.0000000000000000	-1.0000000000000000	-1.0000000000000000	-1.0000000000000000	-1.0000000000000000	-1.0000000000000000	-1.0000000000000000	-1.0000000000000000	-1.0000000000000000	-1.0000000000000000	-1.0000000000000000	-1.0000000000000000	-1.0000000000000000	-1.0000000000000000	-1.0000000000000000	-1.0000000000000000	-1.0000000000000000	-1.0000000000000000	-1.0000000000000000	32.726500473996808	32.847627460396751	32.878292248050478	31.977946917815984	31.555038055555883	31.275386299413817	31.442232717480202
20.375000000000000	-1.0000000000000000	-1.0000000000000000	-1.0000000000000000	-1.0000000000000000	-1.0000000000000000	-1.0000000000000000	-1.0000000000000000	-1.0000000000000000	-1.0000000000000000	-1.0000000000000000	-1.0000000000000000	-1.0000000000000000	-1.0000000000000000	-1.0000000000000000	-1.0000000000000000	-1.0000000000000000	-1.0000000000000000	-1.0000000000000000	-1.0000000000000000	-1.0000000000000000	-1.0000000000000000	-1.0000000000000000	32.729084631970920	32.815224974641190	32.605874392548500	32.360507637222646	32.017988256718006	31.567881267598530
20.125000000000000	-1.0000000000000000	-1.0000000000000000	-1.0000000000000000	-1.0000000000000000	-1.0000000000000000	-1.0000000000000000	-1.0000000000000000	-1.0000000000000000	-1.0000000000000000	-1.0000000000000000	-1.0000000000000000	-1.0000000000000000	-1.0000000000000000	-1.0000000000000000	-1.0000000000000000	-1.0000000000000000	-1.0000000000000000	-1.0000000000000000	-1.0000000000000000	-1.0000000000000000	-1.0000000000000000	-1.0000000000000000	-1.0000000000000000	32.625918941404791	32.517617548312238	32.641719085680378	32.300744226491240	31.753997808543915
cpt:C=3, cpt:clim_prob=0.33333333333299997
	87.125000000000000	87.375000000000000	87.625000000000000	87.875000000000000	88.125000000000000	88.375000000000000	88.625000000000000	88.875000000000000	89.125000000000000	89.375000000000000	89.625000000000000	89.875000000000000	90.125000000000000	90.375000000000000	90.625000000000000	90.875000000000000	91.125000000000000	91.375000000000000	91.625000000000000	91.875000000000000	92.125000000000000	92.375000000000000	92.625000000000000	92.875000000000000	93.125000000000000	93.375000000000000	93.625000000000000	93.875000000000000
27.875000000000000	36.661937448989569	36.611261099545153	36.714619486395996	36.620432707850767	36.415332699381224	36.267928398606955	36.627070817949772	36.879833289267225	36.769435683957639	36.881061732839235	36.983427164828164	37.037186206915365	36.744011620392662	36.550151675906378	36.406850742146915	36.512532965265123	36.651888232265641	36.431692473412305	36.322189760678427	36.309903664647443	36.400544137120782	36.349780224855706	36.413238429492900	36.540979654249568	36.770230664441847	36.853221680563287	36.559534264113658	36.616030305167676
27.625000000000000	36.656875854827760	36.600243718409210	36.563221149421778	36.399189231233322	36.397502472198852	36.801275391204911	37.130024950002671	37.163769405460741	37.248584915306246	37.323658815598009	37.305301776170104	37.252630985137912	36.967013647984473	36.638713861190986	36.541392287263022	36.612549713626400	36.719448323483057	36.557480807050673	36.504377035471606	36.435559735930809	36.308003600967560	36.266431442342878	36.301966535234946	36.500712454009680	36.736421669923516	36.480096214663760	36.484051632918266	36.618240891102175
27.375000000000000	36.580294924114497	36.595831318302636	36.740906380238428	36.640972965283609	36.942575276151956	37.242420656113687	37.356854173965324	37.187341044503377	37.261741460536378	37.308710340351453	37.070515243051602	37.074196026564074	36.948455521655667	36.682601603422341	36.674210610500779	36.735710788375656	36.601787302951301	36.399654743734665	36.316246972291331	36.194477526712326	36.002743201954786	36.038426307648187	35.950002450227061	36.290817800517488	36.551075806203151	36.571759076202575	36.551722901183474	36.648263760719693
27.125000000000000	36.622234127239182	36.558363285097592	36.649079155389352	36.907398729009799	36.963831840549176	37.255538764334602	37.378730161582773	37.298875236510696	37.063230886993068	37.233675643129089	37.218170790370429	37.111781445760364	36.737846336153204	36.809979854691669	36.816983471206640	36.832991634170206	36.787974777071412	36.550100235141848	36.352868261923213	36.217796687478589	35.940612149599630	35.876493442915020	35.977115884266944	36.229426712862242	36.327960425349268	36.508460746197358	36.318426819584140	36.446753509463534
26.875000000000000	36.530498605643992	36.645146301645745	36.728018663759002	36.933193171665749	37.004404348091157	37.173304337779015	37.206682330860659	37.257786279191038	37.100092619831031	37.196266122210467	37.082819988423083	37.021323288721668	36.806772992834290	36.725096379282910	36.162410253452684	36.720111008580005	36.653387491012573	36.442555657775152	36.168240512794910	36.083220230147582	35.910638190306081	35.872779765616464	36.268455386553129	36.457030810199491	36.521470208271225	36.479568406136913	36.556275377893343	36.534432661580432
26.625000000000000	36.612718620512332	36.695817350081164	36.758347794460114	36.788332532287995	36.794801167919431	36.974417808492369	37.048366332308348	36.893638235842708	37.031430294188610	37.111559719891261	36.944423136199759	36.994816364563853	36.749686944889632	36.229994560295388	36.173175682738716	36.435180392087489	36.402769063771586	36.320855101543629	36.064433564100568	35.768447832620161	35.802725168933556	36.047884981107551	36.180049395880083	36.168740694586006	36.270726837197337	36.241773327390462	36.230436199097824	36.620411163714593
26.375000000000000	36.549911209434995	36.513194050866076	36.692165621827378	36.621105000383956	36.755077667118350	36.943416197476012	37.055024291338313	36.987091031002009	36.656222361976567	36.758595004076263	36.674304448558992	36.673052097605080	36.481408353346168	36.697981874800433	36.559478922283574	36.463992756765812	36.325289486487506	36.168610487250021	36.071210274672481	35.934147052965258	35.801751652580435	36.200283645937482	36.218569495631371	36.153440269856368	36.025877983432466	35.953893283656747	36.139991658088924	36.512478593651551
26.125000000000000	36.644160842916243	36.781589462626812	36.792071634344573	36.714753311087371	36.928867548454377	36.962737042430795	37.044279557560991	36.734307325397175	36.912880196791399	36.780014744267369	36.688111324987986	36.563552179192449	36.358677749112644	36.440262082231676	36.291535859622776	36.489733203910816	36.604285795263650	36.402054615548728	36.158115668357240	36.155182421705142	36.032128156219308	36.089342397176033	36.161520686984296	36.087046788401821	36.189674969571847	35.990542224338448	36.110155077086993	36.335021900070679
25.875000000000000	36.599089730058836	36.628870546974582	36.665695528497508	36.799627476646748	36.849045395222049	36.921349002985046	36.928073013184424	36.763501839989353	36.755414520237863	36.570150078932272	36.357505972383386	36.373295828945324	36.282710975242445	36.230699072255860	36.239762757066536	36.216741014970353	36.461279452124543	36.391873225867627	36.162966146221393	36.162153981234688	35.919819302000860	36.135790513734968	36.111071829841066	36.195449682419977	35.918072063317325	35.918607123862280	35.875379230342197	36.150640976329306
25.625000000000000	36.722085176225306	36.590016419287124	36.730529397472054	36.784116130861037	36.924724881058822	36.941356350106588	36.789551670804961	36.558125088353286	36.219438404042272	36.319881951793761	36.267188526589926	36.116630319986278	36.261364906484708	36.314166958088627	36.325609371447335	36.379252729265396	36.414550404490434	36.268808452987308	36.377130910739297	36.357556250589660	36.195741109340013	36.157824050076037	36.151356443212826	36.180475536869380	36.040906849288795	36.071904248580019	36.030222063747303	36.196401623451202
25.375000000000000	36.801061759109388	36.713046677211260	36.774807680913405	36.894814730875517	36.899487126332403	36.915021068436751	36.574751378909845	36.378080106052209	36.348851719535055	36.379232537437659	36.517858435889167	36.312408200884818	36.217348046769999	36.357207569548649	36.574249084417268	36.694349404168783	36.605485528160287	36.507926558713265	36.638263496717627	36.635784660137126	36.607974639561817	36.510241965266630	36.383807057618853	36.266996080150832	36.192018925830922	36.378271164255501	36.287408190043621	36.474607164211882
25.125000000000000	36.861523659827171	36.913048031382203	36.818284944688727	37.001942415789948	36.743853461473222	36.726734512832103	36.437614250643939	36.450761981693589	36.396913326613515	36.581833184828412	36.605038834744072	36.441291257300207	36.466288979544700	36.387943535964894	36.612959694371057	36.617125921986371	36.698462154641398	36.592584349844195	36.578130389401039	36.626263759751211	36.758711638488975	36.665770887813025	36.604906087423572	36.510491510345368	36.409861991056182	36.374882817325322	36.434536465883781	36.700959472090105
24.875000000000000	36.753649229985541	36.871596357204609	36.736195213678137	36.650792404204353	36.625747140663982	36.789519672028639	36.646033757540131	36.565193380225260	36.555204453483107	36.506287620375694	36.523964789428391	36.605149302911464	36.572006963340378	36.512030879043692	36.597942471423032	36.516945127877030	36.554383742138278	36.527947173033873	36.654392524256011	36.856193189629920	36.764857579841646	36.732343076965449	36.740907278454941	36.673907230140451	36.693221689792935	36.396144838250343	36.305921466252556	36.604009207812979
24.625000000000000	36.644185178634352	36.763499476976300	36.727382580349690	36.873379202993249	36.811189701836881	36.695903155437755	36.639351035205664	36.504878538617476	36.649806190984769	36.668511874059405	36.526797518000897	36.416305720196995	36.480662144515719	36.457713561165370	36.481178256464446	36.495654094146971	36.496505587223723	36.621976935727396	36.646690441595219	36.817854997578756	36.662784661487635	36.613624488128870	36.638453911298797	36.713995358329939	36.610097870938645	36.461927065164744	36.391125776106023	36.506938114637997
24.375000000000000	36.679935899134051	36.676657150904532	36.840444386665041	36.721378319849279	36.651895915999532	36.722337709254745	36.587211914295800	36.606912993812720	36.608169283389067	36.610323865396857	36.483705185791592	36.436157072513389	36.540903586159075	36.415351852791431	36.455478627798058	36.463050278978386	36.512374041760012	36.448896631243663	36.643741949366756	36.685949264611430	36.547147408347911	36.552583378210727	36.520490062099547	36.569728036824102	36.519701465623150	36.413216668132456	36.438359856484340	36.627077059949528
24.125000000000000	36.800664355408763	36.754443292446297	36.850735000408910	36.779059037773806	36.900059904779496	36.906919566393334	36.760491027392845	36.636804026795424	36.581598982066595	36.612068370913200	36.569881931222447	36.373335028649343	36.359208934046585	36.485950027849483	36.514999326135076	36.504639552105267	36.463887094195748	36.462978503057414	36.497439025916400	36.553089608335029	36.632926646998264	36.531984414490076	36.557183098377415	36.583574940340888	36.634554896168908	36.318358175324327	36.296845159374023	36.621012903275158
23.875000000000000	36.798110664124366	36.668737453507305	36.593138833163458	36.729743009598607	36.881798161782143	36.891458721658772	36.737496915059886	36.629961657685172	36.583418721468064	36.582035941114896	36.593706432832732	36.476805907369673	36.409825016646366	36.455233545710023	36.466033047644579	36.469495270655706	36.477577679445126	36.491326782717458	36.522765365498351	36.495992597043035	36.595378163854761	36.640992776383833	36.642859219741709	36.666084975231215	36.620509818105859	36.462927829797728	36.491576695066236	36.678102860920056
23.625000000000000	36.657864533378778	36.601588886314161	36.622447725056439	36.585851665275470	36.673183500080590	36.811151489335330	36.723866828945816	36.656957116588316	36.683263607490233	36.704472531743839	36.614459621299886	36.571208428783194	36.529953416188086	36.560921166174587	36.509820969912475	36.372014927449506	36.441728789578271	36.450809939905341	36.457817788043712	36.461499001467843	36.553667156217450	36.592760687210784	36.633664395339153	36.679555273792744	36.494677442414869	36.409031206142515	36.331134014090502	36.587900186200564
23.375000000000000	36.521798721870255	36.579392300913497	36.598706674837608	36.632445342665179	36.669003226376304	36.695763900132278	36.730530891029630	36.688470532707711	36.677014317684204	36.680980770375307	36.642718277519457	36.695872103164248	36.579735325007846	36.546887742284852	36.480801237171583	36.453674900508133	36.446892285097938	36.402814244364393	36.403234211354395	36.502036819249192	36.584831733708803	36.662176104922608	36.674559926946678	36.620722961869646	36.488088651171630	36.420711294242594	36.434540984368354	36.434199913940219
23.125000000000000	36.577295151494113	36.643636266219509	36.638806548519135	36.656816179584759	36.664998192303941	36.686286328508174	36.631653040104666	36.633333234797341	36.664837699233132	36.649094587141676	36.623189759060743	36.580994165550642	36.549359772178427	36.479093892219780	36.376772735286004	36.398754252105384	36.427175559241292	36.542297503995201	36.536425962297571	36.577978030626468	36.589438606210919	36.600299971860423	36.611346797494534	36.532244655870514	36.451398173136717	36.365195503797537	36.467191104212525	36.520796272710712
22.875000000000000	36.648030728502484	36.604790906821705	36.643981412105347	36.684971264534354	36.644199473525568	36.618223388941637	36.620312277299085	36.633145171878198	36.637499119347595	36.625611818276596	36.597067331225993	36.570671723345264	36.558386345278286	36.582135087833159	36.464795111309520	36.455429171620892	36.470903127633910	36.602713277842078	36.559534770195043	36.589389388633201	36.592250127973060	36.534288913159394	36.502190259213627	36.454560303535125	36.368200306090792	36.353443880505729	36.473259397674234	36.448223316741107
22.625000000000000	36.596624666232408	36.589744458337783	36.666847965373925	36.607969714270631	36.639947652118025	36.622901111078463	36.625026522887758	36.647430827940610	36.637919634812739	36.618834541113635	36.594454134240600	36.484404472840190	36.469926534463994	36.580093365934040	36.575450677339617	36.577148095744526	36.552109284204562	36.586585747469258	36.577750089649150	36.553109168411403	36.572099565195934	36.608675483155402	36.528248916263614	36.535253748809275	36.414746717368295	36.429291624252713	36.543041828050896	36.535574571199390
22.375000000000000	36.557573832086312	36.586357591518151	36.613582513249689	36.570085644697997	36.602556123279868	36.619268278627047	36.643745901419116	36.613373232357041	36.640193399718655	36.615737766822157	36.617531685498705	36.521455154025979	36.495199483880029	36.574181946553509	36.561019166664686	36.570710485775408	36.478531513976087	36.553407346358370	36.626664566124958	36.552051684201267	36.551811960019812	36.655487391469840	36.673450170934423	36.547849048364256	36.446528975125261	36.391937834231179	36.438853770419030	36.551442766862195
22.125000000000000	36.509176578213456	36.541220298804575	36.582979468898543	36.563531318835523	36.601631991099282	36.595678910677854	36.641077422952293	36.628260033117151	36.620070820215318	36.672291226489484	36.557804382986134	36.566046092865598	36.545138158019476	36.580934630790530	36.605559668508512	36.481825617878563	36.491500107653565	-1.0000000000000000	-1.0000000000000000	36.552072825481432	36.505368796940239	36.595041003519221	36.640850097878037	36.578143030541852	36.517727668900370	36.473954339770408	36.583784662636809	36.619028519716593
21.875000000000000	36.446501673469939	36.426328429117873	36.445755800726161	36.589646889484428	36.609928043507999	36.608108720490002	36.618865782484640	36.595709147508963	36.571074624765266	36.570303125426626	36.603227615157174	36.516638499253780	36.497369465691200	36.625546027687008	36.561291570499179	-1.0000000000000000	-1.0000000000000000	-1.0000000000000000	-1.0000000000000000	36.444157502296605	36.436731256449093	36.576797154324531	36.621536780269651	36.673979757444592	36.657002677377371	36.532223449346432	36.594005122643104	36.552425215105870
21.625000000000000	36.429776473148692	36.460523752963439	36.478827147158349	-1.0000000000000000	36.643559749813484	36.642774947941938	36.596341045362067	36.544305028601357	36.564922209769470	-1.0000000000000000	-1.0000000000000000	-1.0000000000000000	-1.0000000000000000	-1.0000000000000000	-1.0000000000000000	-1.0000000000000000	-1.0000000000000000	-1.0000000000000000	-1.0000000000000000	36.350995962962521	36.494638330809209	36.574082517107833	36.564665699582115	36.652805136577001	36.519176525218576	36.436525424297869	36.463216404749097	36.407742618891305
21.375000000000000	-1.0000000000000000	-1.0000000000000000	-1.0000000000000000	-1.0000000000000000	-1.0000000000000000	-1.0000000000000000	-1.0000000000000000	-1.0000000000000000	-1.0000000000000000	-1.0000000000000000	-1.0000000000000000	-1.0000000000000000	-1.0000000000000000	-1.0000000000000000	-1.0000000000000000	-1.0000000000000000	-1.0000000000000000	-1.0000000000000000	-1.0000000000000000	-1.0000000000000000	36.281420886211571	36.201255302266752	36.393242128430330	36.671716346649774	36.654822821006057	36.567897609458925	36.353384032561110	36.354041578198711
21.125000000000000	-1.0000000000000000	-1.0000000000000000	-1.0000000000000000	-1.0000000000000000	-1.0000000000000000	-1.0000000000000000	-1.0000000000000000	-1.0000000000000000	-1.0000000000000000	-1.0000000000000000	-1.0000000000000000	-1.0000000000000000	-1.0000000000000000	-1.0000000000000000	-1.0000000000000000	-1.0000000000000000	-1.0000000000000000	-1.0000000000000000	-1.0000000000000000	-1.0000000000000000	36.172424158960190	36.099125785937446	36.310931420550830	36.481886477493823	36.731892393514627	36.543163205036436	36.353820110630785	36.379180640666746
20.875000000000000	-1.0000000000000000	-1.0000000000000000	-1.0000000000000000	-1.0000000000000000	-1.0000000000000000	-1.0000000000000000	-1.0000000000000000	-1.0000000000000000	-1.0000000000000000	-1.0000000000000000	-1.0000000000000000	-1.0000000000000000	-1.0000000000000000	-1.0000000000000000	-1.0000000000000000	-1.0000000000000000	-1.0000000000000000	-1.0000000000000000	-1.0000000000000000	-1.0000000000000000	-1.0000000000000000	36.133297356697639	36.184502579741959	36.285254223357590	36.394218477255805	36.642617364018477	36.564903732292713	36.463976067618098
20.625000000000000	-1.0000000000000000	-1.0000000000000000	-1.0000000000000000	-1.0000000000000000	-1.0000000000000000	-1.0000000000000000	-1.0000000000000000	-1.0000000000000000	-1.0000000000000000	-1.0000000000000000	-1.0000000000000000	-1.0000000000000000	-1.0000000000000000	-1.0000000000000000	-1.0000000000000000	-1.0000000000000000	-1.0000000000000000	-1.0000000000000000	-1.0000000000000000	-1.0000000000000000	-1.0000000000000000	36.280435184017378	36.183292215940199	36.104545715721123	36.437014421300304	36.641507244048682	36.713760364917171	36.621286368716461
20.375000000000000	-1.0000000000000000	-1.0000000000000000	-1.0000000000000000	-1.0000000000000000	-1.0000000000000000	-1.0000000000000000	-1.0000000000000000	-1.0000000000000000	-1.0000000000000000	-1.0000000000000000	-1.0000000000000000	-1.0000000000000000	-1.0000000000000000	-1.0000000000000000	-1.0000000000000000	-1.0000000000000000	-1.0000000000000000	-1.0000000000000000	-1.0000000000000000	-1.0000000000000000	-1.0000000000000000	-1.0000000000000000	36.257736416577572	36.125344028503157	36.184799440110794	36.277975572810156	36.383769695877056	36.577916152261274
20.125000000000000	-1.0000000000000000	-1.0000000000000000	-1.0000000000000000	-1.0000000000000000	-1.0000000000000000	-1.0000000000000000	-1.0000000000000000	-1.0000000000000000	-1.0000000000000000	-1.0000000000000000	-1.0000000000000000	-1.0000000000000000	-1.0000000000000000	-1.0000000000000000	-1.0000000000000000	-1.0000000000000000	-1.0000000000000000	-1.0000000000000000	-1.0000000000000000	-1.0000000000000000	-1.0000000000000000	-1.0000000000000000	-1.0000000000000000	36.200908810900415	36.242822100858227	36.130785724613006	36.256549732174769	36.495992980643408
