xmlns:cpt=http://iri.columbia.edu/CPT/v10/
cpt:ncats=3
cpt:field=prcp, cpt:C=1, cpt:clim_prob=0.33333333333300003, cpt:T=2019-07/10, cpt:nrow=32, cpt:ncol=28, cpt:row=Y, cpt:col=X, cpt:units=probability (%), cpt:missing=-1.0000000000000000              
	87.125000000000000	87.375000000000000	87.625000000000000	87.875000000000000	88.125000000000000	88.375000000000000	88.625000000000000	88.875000000000000	89.125000000000000	89.375000000000000	89.625000000000000	89.875000000000000	90.125000000000000	90.375000000000000	90.625000000000000	90.875000000000000	91.125000000000000	91.375000000000000	91.625000000000000	91.875000000000000	92.125000000000000	92.375000000000000	92.625000000000000	92.875000000000000	93.125000000000000	93.375000000000000	93.625000000000000	93.875000000000000
27.875000000000000	72.152693909101657	72.911421298148369	80.036328475754758	82.562757772071336	74.792554632268761	62.405695784403179	59.319767044909163	63.273398159675416	55.091845537925330	50.518553350925970	53.459746251286944	56.545399244169843	41.319568381652296	37.315027796678990	38.505322752982984	45.479629764578512	31.420961011642262	37.488180409191862	33.730628669364521	37.477494724560522	47.694694260993842	54.836142938983315	60.062827109571849	52.527066767647298	49.984012695710909	53.944730664893278	46.132200136911727	41.129816754109306
27.625000000000000	79.200828598113233	76.952366606716765	69.709950394755751	72.132778055586925	63.545606198452816	74.545584648942452	69.499892943499475	65.111488496689660	57.197494989448693	56.005993968363676	55.961588144469481	61.740699790084832	45.190880848291158	32.337447106157697	33.423658617486339	40.011184656143861	34.041595503677513	34.479212343321805	35.192630593943775	39.464328786523438	43.474014302673659	42.076837296020805	45.237501890856336	48.124045688134373	51.570131136464134	60.765400101123433	52.246715585432106	48.547924237251536
27.375000000000000	75.530093781330322	69.346219186677672	71.350760527273792	71.688546471418036	63.314207763777056	65.421917734934368	69.553342136023446	72.190304049554626	73.990841657142056	65.629663149919523	63.548879216740872	62.643626417790244	51.095749879723314	50.467198928083256	58.324906083385414	56.767032050314228	53.362612668536144	64.114859712490158	65.141355653820469	61.582015982204794	62.968160587091013	63.063308804344999	69.063949054187660	74.479456478708528	77.821358975456434	75.756720721746930	72.215744462163428	74.669889161954416
27.125000000000000	70.384080992837994	70.771488649868616	68.129094291102916	62.615757422203821	65.867104094362062	67.914228236338005	75.093667415901137	77.764848929216100	83.501237035236699	78.054595940536743	73.999311898851218	77.812150005004327	62.319791415361614	59.731841177571916	77.733929764039942	80.051272940432270	79.556316419652319	77.145456397776442	82.614784748995675	77.548710030091627	75.445287719538072	82.115309776394099	83.149721881497101	84.608107612460088	86.727263371725854	82.888847826680745	84.949925615790093	83.491534745708094
26.875000000000000	67.114009094704357	69.686521484366466	60.302847760890302	67.833294014499060	70.565088114689473	72.168302462938698	74.985076256680614	70.861188887825861	71.960944495542009	77.447023605387244	74.726012622908499	67.589138412657320	55.721564044100511	58.787134611669458	67.630455542167738	79.781017998797367	86.629465272590892	84.525482190692131	89.640217255726739	85.252244199374786	89.304767357181362	92.998106289709568	93.831236998053470	92.619613735510868	90.088786674294397	91.389282876716166	91.123656230671969	90.105926506903955
26.625000000000000	73.918374197007438	74.522991986056212	74.027517613039080	69.649584252826159	70.396423358117232	78.307794384145950	75.608373729566893	73.719560832405250	76.168505774475264	72.826365971443465	67.650599541686688	69.167277432168859	55.192363780084222	74.462344886805312	75.402935131784858	75.809333455263697	85.450129664948989	82.137209196123521	80.272519204379591	82.134008174800044	92.653994588600355	96.363429952479393	95.937486690543906	95.278460373679110	91.288114507408537	93.044596617156827	93.837691722729005	92.130477322179004
26.375000000000000	67.434660532695943	69.688323554050911	73.259723451532807	74.816940646825429	83.104957806830427	78.481110334725571	76.706102677157190	79.263060651413880	76.746030623545124	78.048070659507175	79.017753491525070	66.145915527354589	60.482172432446710	55.044150828830610	64.052593526135382	61.095493763661899	69.714179827832254	67.178792810529529	78.942364121970726	76.607028544879853	89.748759692005819	96.146923666403836	96.401069491292532	95.063522074080652	91.939852279137227	88.065913597629660	87.525001977041413	90.626860551855842
26.125000000000000	70.856469981822414	73.116199519622938	78.070690855496309	83.819754097158722	87.723325264460641	82.586001600735969	80.568727775986559	79.117263019019362	84.355598678932836	84.470065001043594	81.182203177856323	67.010564341382519	55.043583935742532	40.193670159976527	45.936735795503168	54.578108780001436	62.962284645760747	67.989399933251164	69.338245457840500	77.306024305567718	87.017223370403812	94.084530376879059	90.558128036163367	85.524595214076399	89.039894914106171	86.006954782237003	84.182120797179323	85.721164937731174
25.875000000000000	68.698999244070890	72.347143425609346	82.487252616164113	83.402948247773622	80.344534748844211	78.481326018383498	71.950651253648260	70.818062445343315	72.790005266594932	72.959882578858696	74.746247199775993	73.463573807794504	66.215160527009374	48.722243704621235	57.619303780949323	65.803388004449573	74.861410271229374	75.865767149284238	80.386491878218962	79.045115797975839	85.079903303061371	88.655629526337165	85.512562308644618	87.944993238286528	86.581242121967350	84.540076422545098	80.851878289690120	79.417917891876002
25.625000000000000	65.762473533120215	70.580663547623061	75.601703041095689	73.160753001436348	69.415612400523486	58.483566370816021	54.510445216694279	57.345050359989855	53.550931991193288	57.913513131608369	67.718822221931958	65.660366538365679	62.637416792287475	64.129665659245035	72.038883625771035	78.644806002925264	82.700019684954498	77.165032324043509	78.039423815908563	80.059654617405897	75.501446096068264	75.056067307346794	78.633263264120927	82.899473804712230	87.077892879501661	86.752273702484189	84.959567325335428	83.414935405721934
25.375000000000000	63.053436563282375	63.775636135768430	58.885478213298640	52.571725803731859	52.037121290436730	53.440710192954569	56.255008303349832	54.334874055851060	53.110792861239830	56.153477398006082	59.595935725093604	68.188410970575490	75.978269067582218	77.949033728669676	85.701192210288895	88.272975834726367	91.179071423270969	90.825895149507062	88.852575985767103	83.000758650056511	83.104447133773647	75.390198017972892	74.225944338048919	81.204949952862592	86.713841074712306	86.352973776166024	84.050377541701735	88.686421017222088
25.125000000000000	67.406345232462712	58.576719825589073	56.614514361484744	52.052412355904558	44.126391679602776	52.530272621394104	54.833153701471893	50.278851260732118	49.374123619335542	50.457388787610689	48.458952400258518	57.583464891773467	72.875369402604008	83.067519802553235	87.536854202697199	90.329164032423535	92.717078315082432	92.625590892632772	93.672320192024344	90.344086828949713	87.875357698820892	84.984602290720829	82.375635681273536	86.996793768364427	88.776105904375711	85.844067308283272	85.338282597121847	85.789471881022621
24.875000000000000	42.721061624853306	48.864719338795169	51.835245055842329	45.802469390171986	37.608648013711907	41.510165198243129	37.318673708492376	37.875579956387220	36.239890334216994	41.159153991004160	43.312014050407768	49.853440599017219	62.369170187643988	71.016185189022366	83.827788928497640	90.167606053281716	90.307020618102058	87.291277555175512	87.107030556096248	84.113498326377183	84.491183243759096	85.646022268790986	83.956007034100196	85.368473786853585	89.729121876040693	86.657683045048273	83.493093621376687	87.482996490214390
24.625000000000000	34.378256995925682	33.984215824477985	35.905948790379057	35.085838482812107	32.041763712390036	27.149200457096896	31.738841454941877	34.782196722734042	32.120377795675665	35.755950316367560	36.061261817833248	40.384298181065091	46.573117033744872	57.933785012951233	70.643327722795476	67.682998224093041	65.906303999880620	57.243004442213966	70.664783300399293	74.734214885505693	78.431587372325907	85.254830646130657	88.411738288592971	90.699578992472937	91.048921665660160	85.143787262756547	79.612672276291633	83.432137927825494
24.375000000000000	24.208428867165495	23.399628823713300	25.889827363736856	22.968579162042218	21.087908946879750	25.291761887069185	27.530024456037651	28.169337845024927	27.585532509294836	25.391576850155289	25.966761569162770	28.615227403564447	31.731870126812964	39.161982390738956	34.393392092762326	34.346286342614121	40.051207966386393	43.680412731274032	43.059544913340190	73.583354552202707	76.282236800674738	66.616030537939253	73.837580737101590	85.269824356129277	77.594434705712445	72.355237944512709	78.881842059871133	86.121091359015722
24.125000000000000	19.324908158951388	14.287250437895977	17.896702930774651	18.669327032342636	13.986240978949951	21.269251970710670	18.828854621771214	17.434289706633649	17.760034522690887	21.337281003288950	22.878852531966047	24.919848375101225	29.004204733307262	26.136257054644020	20.915799440603394	25.987282104949244	23.635548690588038	25.530498921500993	33.206525285754068	50.598356118378987	59.718033536533902	64.735574904833939	74.545886696245461	73.387264672651682	64.152815603354526	63.673928359700810	79.609846765343292	88.158329463552107
23.875000000000000	7.6942319032637130	6.6124103573656896	7.7421656541724673	10.326138016445924	12.470862227417584	11.259152894117904	12.350877270788061	12.363063245571723	15.410914100008469	18.271866129975820	15.415892888691303	20.989416826383319	20.274402406703103	19.538143135349344	23.457046278874969	23.518068238560517	25.018025236856928	22.133153187019175	30.410972464315165	47.629516137216690	48.119627814598807	43.658992441624392	46.121871514139478	48.341898425593754	53.124798438471998	51.064906900692229	72.582612472043905	83.750066168291369
23.625000000000000	4.0664764908995039	5.4504498226127112	6.0822628812329782	8.0832365911742698	8.9148174986832203	9.5200381047236959	7.9271877531233343	5.7300922595723875	5.9106156771838556	8.9104430311568166	12.378048507764433	14.283996232951381	14.918661003698190	14.088441139058006	15.283405679269407	21.414807847066996	25.973624820845259	32.430332365503304	49.618693041738574	51.692341407851593	45.031273387649897	35.824455772844189	32.755023725995613	36.748759618304618	44.971956147308013	50.388192956937068	70.636390417861264	72.407580637328550
23.375000000000000	4.6972371931542369	6.6755030747355022	7.5890008611286106	9.9728848963955841	7.4188446227665850	7.7541629122632116	5.9522401357464503	4.4288096596042976	4.0598131322863225	8.0136024856748946	12.171948177995759	18.634503511441224	20.919124179006474	17.925928618859459	16.095038042205132	19.695608408255680	24.083629130878961	36.860583751811504	43.988778255272990	45.282491121992095	40.887504042972111	38.767835473455023	33.692900380545112	32.711516395846459	38.718214758423898	50.768193092138389	65.444237394159330	55.367051505669082
23.125000000000000	5.2299681746293913	5.0456020787976570	4.7171496956506616	7.3178424478045940	5.7772807547679150	3.4337174587556945	4.5056202303601793	3.7749227175831237	4.3934370037049604	6.4881600128411208	9.8575611248370194	14.566225293514535	16.793054799529102	19.360573004802845	20.834960473681420	24.404704254923331	28.465968048508358	30.008209161195538	33.418151645796428	31.363410724322364	30.178881742174156	30.682002146933868	32.008311601064747	30.589129455520009	43.201704238021236	49.477509222483974	56.064206593099783	54.891887597502517
22.875000000000000	3.6418529901421692	4.4474112120200289	4.1839473002736867	5.0840310821005659	4.4813068757886754	2.9286119367330770	3.9380686022702633	6.0162734201565939	6.6945445821148724	7.3416087375869097	10.959576885633339	16.019558909950320	21.487129795480811	23.983458494574705	25.041749028469908	24.944530862255405	26.891299506850785	21.765602991692973	24.022878517468030	28.346873486493067	25.047213985346573	31.737449513662114	30.095164903686552	37.360747334745668	46.590299957994773	61.947840993737870	56.227945854063123	55.828028496950402
22.625000000000000	3.9256175081767708	4.4499664296173052	4.0543364007364744	6.3398632161647157	5.1996331899816397	5.1988262503912210	4.7131600511858096	6.7236916304138532	8.7545264923291626	10.355960991965361	12.818011095549480	14.084167773988980	16.319679387757446	23.151321022923767	22.795113858848310	20.166375447237755	23.970723234223669	19.643816220984789	23.054232970261751	22.198763926362105	20.443718292723261	27.218681381886185	38.031507357319882	38.056751169015904	50.010231711986300	43.198479053920103	47.165922877530242	33.781001911783591
22.375000000000000	5.4122234122872896	4.9574856262635763	5.2920916813698682	6.6260032487233076	6.5641752476338269	5.1270133009510062	6.4172063458794497	6.6981107602222352	7.8637161854582871	12.218441566602152	14.171789185898234	14.300675068159777	16.189813025260534	23.304468625681579	19.085587372825557	23.512449105601362	22.895836441264933	22.871027861108658	23.221808912093451	29.304262504391559	23.507110720100528	22.099166303512845	23.532292829704133	37.108918700684313	38.255033316108268	43.819059132156809	33.998705688873784	28.104153018621233
22.125000000000000	5.2493617072818921	5.8667322404346010	4.7199859681034582	5.9926139190603323	6.1145406323873885	4.2548178908112249	4.8196213763780094	7.0399943610168947	7.1021414711152318	11.042855020954406	15.823615091224482	11.700243891709221	17.598506316861133	22.625066400565188	23.474810873781195	22.245292346829601	22.076590145752533	-1.0000000000000000	-1.0000000000000000	24.728051178976585	19.762080108500726	18.703651419260765	17.924353418428481	20.269159207281149	28.933730996166531	37.929432532149420	28.348544543163598	19.834834943252929
21.875000000000000	5.6948855724004517	4.8561813832684777	4.6489643778317600	5.6681973869437741	4.5986449687704294	4.4861286332248369	5.5397053691950759	6.8034069192169397	9.4328471409787795	7.9162171219652038	8.3955358473427708	9.0335925606780876	19.192653734778389	19.596277174454968	15.883664266790660	-1.0000000000000000	-1.0000000000000000	-1.0000000000000000	-1.0000000000000000	17.899330937582832	15.907153155431430	15.336184692325986	16.234732149190492	22.402503920339129	23.989129660397722	28.184633334272092	25.441698438946574	15.413771699395113
21.625000000000000	5.7402965746249492	6.8396235035948223	7.0949572880662686	-1.0000000000000000	4.7050129560343095	4.3572522400643408	6.5637831107540450	8.0041500097782006	8.8579285400893752	-1.0000000000000000	-1.0000000000000000	-1.0000000000000000	-1.0000000000000000	-1.0000000000000000	-1.0000000000000000	-1.0000000000000000	-1.0000000000000000	-1.0000000000000000	-1.0000000000000000	15.196995549613916	16.075155921061452	9.2592934453943059	8.7922446035813664	14.141956868431564	17.798699460960819	22.560693604069186	21.668262524539401	17.468878147357032
21.375000000000000	-1.0000000000000000	-1.0000000000000000	-1.0000000000000000	-1.0000000000000000	-1.0000000000000000	-1.0000000000000000	-1.0000000000000000	-1.0000000000000000	-1.0000000000000000	-1.0000000000000000	-1.0000000000000000	-1.0000000000000000	-1.0000000000000000	-1.0000000000000000	-1.0000000000000000	-1.0000000000000000	-1.0000000000000000	-1.0000000000000000	-1.0000000000000000	-1.0000000000000000	8.9178319284929302	4.5746317468827300	6.4036759076326319	10.189732331920979	12.127285212444463	15.551489387868983	12.919967097160409	13.627645840058662
21.125000000000000	-1.0000000000000000	-1.0000000000000000	-1.0000000000000000	-1.0000000000000000	-1.0000000000000000	-1.0000000000000000	-1.0000000000000000	-1.0000000000000000	-1.0000000000000000	-1.0000000000000000	-1.0000000000000000	-1.0000000000000000	-1.0000000000000000	-1.0000000000000000	-1.0000000000000000	-1.0000000000000000	-1.0000000000000000	-1.0000000000000000	-1.0000000000000000	-1.0000000000000000	8.4260689430253706	6.5827331208300848	7.4595924083540979	6.9221822145310767	9.6120553847263750	8.1781710849490992	7.3562834466280691	9.3024000151264090
20.875000000000000	-1.0000000000000000	-1.0000000000000000	-1.0000000000000000	-1.0000000000000000	-1.0000000000000000	-1.0000000000000000	-1.0000000000000000	-1.0000000000000000	-1.0000000000000000	-1.0000000000000000	-1.0000000000000000	-1.0000000000000000	-1.0000000000000000	-1.0000000000000000	-1.0000000000000000	-1.0000000000000000	-1.0000000000000000	-1.0000000000000000	-1.0000000000000000	-1.0000000000000000	-1.0000000000000000	9.4509582602297542	10.625545590508040	7.9997335367926041	6.8667852066485011	5.1683680544108768	6.3064866967272764	7.6012916673990674
20.625000000000000	-1.0000000000000000	-1.0000000000000000	-1.0000000000000000	-1.0000000000000000	-1.0000000000000000	-1.0000000000000000	-1.0000000000000000	-1.0000000000000000	-1.0000000000000000	-1.0000000000000000	-1.0000000000000000	-1.0000000000000000	-1.0000000000000000	-1.0000000000000000	-1.0000000000000000	-1.0000000000000000	-1.0000000000000000	-1.0000000000000000	-1.0000000000000000	-1.0000000000000000	-1.0000000000000000	15.995199424339930	15.096693738115079	14.881614192367763	7.7697765351290400	6.1003680096778652	4.3427663547778366	4.5767834253498023
20.375000000000000	-1.0000000000000000	-1.0000000000000000	-1.0000000000000000	-1.0000000000000000	-1.0000000000000000	-1.0000000000000000	-1.0000000000000000	-1.0000000000000000	-1.0000000000000000	-1.0000000000000000	-1.0000000000000000	-1.0000000000000000	-1.0000000000000000	-1.0000000000000000	-1.0000000000000000	-1.0000000000000000	-1.0000000000000000	-1.0000000000000000	-1.0000000000000000	-1.0000000000000000	-1.0000000000000000	-1.0000000000000000	19.468418833460930	14.273999563123411	9.4260562434123614	6.8508526932028957	3.0702383879966533	3.8867119009684359
20.125000000000000	-1.0000000000000000	-1.0000000000000000	-1.0000000000000000	-1.0000000000000000	-1.0000000000000000	-1.0000000000000000	-1.0000000000000000	-1.0000000000000000	-1.0000000000000000	-1.0000000000000000	-1.0000000000000000	-1.0000000000000000	-1.0000000000000000	-1.0000000000000000	-1.0000000000000000	-1.0000000000000000	-1.0000000000000000	-1.0000000000000000	-1.0000000000000000	-1.0000000000000000	-1.0000000000000000	-1.0000000000000000	-1.0000000000000000	12.371440948099377	8.9578537270208898	4.0584096382447967	3.1652638079558528	2.0573468378131281
cpt:C=2, cpt:clim_prob=0.33333333333400000
	87.125000000000000	87.375000000000000	87.625000000000000	87.875000000000000	88.125000000000000	88.375000000000000	88.625000000000000	88.875000000000000	89.125000000000000	89.375000000000000	89.625000000000000	89.875000000000000	90.125000000000000	90.375000000000000	90.625000000000000	90.875000000000000	91.125000000000000	91.375000000000000	91.625000000000000	91.875000000000000	92.125000000000000	92.375000000000000	92.625000000000000	92.875000000000000	93.125000000000000	93.375000000000000	93.625000000000000	93.875000000000000
27.875000000000000	12.126241089184937	12.005722361618957	9.6665720151378132	8.6725435050546054	11.481308997238539	14.395305928883367	14.847430296502598	14.207986573859298	15.581134326475727	15.985582593775263	15.792099317406993	15.448682851306902	16.517719072962080	16.230476104046346	16.071557072490663	16.011502537645640	15.293100820218292	15.742057562505728	15.497372334290510	15.640704948784659	16.089213953815829	15.210689172774980	14.489231577748324	15.346125704895314	15.576965643331825	15.091984506497806	15.912329073786374	15.878489475755899
27.625000000000000	9.7738243448099755	10.466267390902733	12.480930183341012	11.922522688325104	13.865294804187410	11.248370908844530	12.599856598990630	13.577754713454855	14.987315521737596	15.201759725044312	15.292401517424143	14.525579750011598	16.378708174041876	15.725126853050369	15.756016866497916	15.905821575784437	15.449217475060415	15.337635894940995	15.412435854382508	15.966756547577710	16.160431049010946	16.210348874148444	15.708546347243960	15.687706253040886	15.333413668786299	14.011894057170394	15.161902760106706	15.484547979242571
27.375000000000000	10.774571650480725	12.479850808170273	11.990562016382547	11.895726030554201	13.669580461077906	13.458001712980678	12.432449442803748	11.955717861172328	11.505392624924292	13.741230302883341	14.237430970523718	14.239677364136256	15.708428154927049	15.561151895364098	14.518911368274040	14.827019358181101	15.208994026259255	13.687993527533973	13.471178593534759	14.235308358030021	13.885957537986773	13.679757323194682	12.377897857324282	10.954933667908701	10.014071195724194	10.650887298364626	11.644313740477791	10.898525227970037
27.125000000000000	12.080187918369504	12.107326199099393	12.739436025266546	13.828138061901608	13.279898286398215	12.837463753693385	10.906566629986926	10.170529108724367	8.3719885368353566	10.185867395249980	11.456572576189981	10.223392215324612	14.327337822498116	14.731813484583245	10.180371129168170	9.3005779639748880	9.5292291762742511	10.264905253368777	8.3528502952292367	9.9809185783327852	10.597578906458491	8.4391385081377592	8.0315437858042902	7.5013730841534860	6.7071738266937881	8.2119310147938265	7.3715380997208193	7.9484352732947219
26.875000000000000	12.905796151876160	12.306528298226556	14.148979799849652	12.646921121852717	12.062438329424673	11.578054363558994	11.005901435467109	12.272756206409969	11.878133230204089	10.197709215174527	10.994373684985963	13.267676008416764	15.415948060867859	14.937581397793295	13.182225816067103	9.5525982366191045	6.8441557640765289	7.6532023674370366	5.5548650356051024	7.4361565545433015	5.8059810514782999	4.0311739750093274	3.5467347373788258	4.1390763709055927	5.2995991285251494	4.6575241856850589	4.7134477724696522	5.1759688741596657
26.625000000000000	11.024752590207868	11.051884678716290	11.178974793376366	12.361516516881004	12.196159064817376	9.8123467172339076	10.642645449868633	11.190801855524553	10.418662006644643	11.345825816861979	12.873512794009333	12.693506041931222	15.157888394639127	11.144165398738009	10.943248424303821	10.852673083318832	7.3712011215987276	8.5552134801017754	9.2958776802206504	8.7273748906308128	4.3038999369315718	2.2651737731458281	2.4595140743069690	2.7872369644793995	4.7598501450361379	3.8789915129419152	3.4970796384833940	4.3358652342511981
26.375000000000000	12.708937862187128	12.200863984669645	11.299897577082604	10.958785530572531	8.0926901122380901	9.6595684097676031	10.262664405238374	9.5380985433862904	10.334123727480277	9.9819785815167297	9.6882769384062790	13.250576714854688	14.269445411688285	15.232294655558068	13.785694031770287	14.276743392849070	12.365656360385298	12.926919498447859	9.5549684355255771	10.489932621819564	5.6215632437959417	2.3503074933203396	2.1903521422574856	2.9084831222777261	4.4567280322290941	6.1926785660080741	6.3058511049475774	5.0132382237119355
26.125000000000000	12.031784626808580	11.404746641691379	9.8288921747998472	7.8734654943365481	6.2833248614868591	8.3343525526061590	9.1075314295072864	9.6311017922338618	7.8119132475277064	7.7874458819065806	8.9835809999476322	13.067177020619972	15.091053104017305	15.910051224902212	15.816504156770122	15.141358959391823	13.709790168019982	12.692944147678755	12.526311654796764	10.254478726382214	6.7016402190867357	3.4013903052525136	5.0259009743053156	7.1568788102171190	5.5882553111271882	6.9120328197578234	7.5094306663741044	6.9270581661547039
25.875000000000000	12.577866837778316	11.614908280608937	8.3574033345004199	8.0345332252889676	9.0919323500290741	9.8299214674977620	11.848328163679227	12.145107976336245	11.532017545206349	11.634138535572669	10.868284093966658	11.369360297317613	13.210252237728714	15.988234620392326	14.873106755510200	13.072856238329859	10.800615070520386	10.611297133182383	9.1516200931117986	9.7220138003918706	7.4713578592408822	5.9391506461736823	7.2445505840391986	6.1760177079473317	6.7602869988238536	7.4522584979556097	8.7597003638107065	9.1450793733843323
25.625000000000000	13.161363901589844	12.030818030570508	10.536482668966407	11.270160072739465	12.443006746254323	14.578024071657996	15.185114393877210	14.821662946225153	15.238964430487965	14.783316710580451	12.749717211576865	13.417736005162634	14.166481517880186	13.911846972280433	11.837245640844301	9.7504725429651824	8.3236921196973004	10.417250047171413	10.142934166383926	9.4948781825385336	10.887431395746129	10.962791276905277	9.7192818783204746	8.1940622798266940	6.6129777391058457	6.5778050928301424	7.3183245209884387	7.9807522066593197
25.375000000000000	13.767003903776324	13.556852087566480	14.343488844021863	15.290960373235052	15.491475090627574	15.396730060832152	15.018060612239562	15.202866386448306	15.420570157322345	15.121549354801658	14.611698245145210	12.786136874685294	10.643542873228846	10.029324963540597	7.1867177120935652	6.1722428991464993	4.8684431758510396	5.0420042218049428	5.9916697955254365	8.3886609800826069	8.2122362083048657	10.607722765304985	11.062059028712705	8.7737689102630547	6.7006442030845168	6.7523318223762621	7.6939405923006152	5.7823032749536418
25.125000000000000	12.815153234827122	14.543871334269454	14.793007079654799	15.384146713529809	15.951567281657496	15.477357266128415	15.132216580468782	15.608471735093396	15.856855484718068	15.866973434134025	15.986838203689807	14.814652994747483	11.542457449973046	8.2514065723147851	6.4999705070265952	5.2869539672783565	4.0549186142110880	4.1176945899112294	3.6204275139526363	5.1702569472555062	6.3076420618849172	7.3962354980830192	8.3260019736548720	6.4958432953350647	5.8359845444277481	7.0528247515706317	7.1521937453996252	6.8581907676520037
24.875000000000000	15.829588588686960	15.646447406547253	15.419869402833086	15.892281628923669	15.998462277006809	16.075343055573732	15.938818759371991	16.122638557457570	15.970885050387388	16.030647203469265	16.111123444862201	15.822147395133520	14.090907895814833	12.211957189309668	8.0873770185134521	5.4091160740738946	5.2965072891943770	6.6532123762949880	6.6839324152229160	7.8156549839513989	7.5826886663145290	7.1666173714758452	7.7716185359081340	7.3541681209631680	5.4585605181750436	6.6467426813626398	7.8163230658575991	6.2122002772464056
24.625000000000000	15.486570877657449	15.603922649109464	15.813873903618529	15.758501628374106	15.537071903811864	14.785105948754200	15.813858222486182	16.010627568091600	15.833028396753718	16.137176364915270	16.269796421058558	16.385900164357317	16.022335527899550	15.043454496829611	12.398698616863502	13.318145832518461	13.670412519241793	15.222898447892383	12.291662609366956	11.007603931955892	9.8398853735721907	7.3991582142445020	6.1462916505179432	5.1177339579083760	4.8529999252640135	7.3607888366092613	9.2092639120009956	7.7391089944955471
24.375000000000000	13.866450780895327	13.757678477331829	14.633995757036040	13.864037183328968	13.517645008058807	14.928654491603567	15.320972327968384	15.375881285063890	15.286688951763821	14.895446105347858	14.915121158919291	15.322265054178295	15.513525178911493	16.117737955405531	15.827589501124891	15.852539638100410	16.308011766832898	16.309572440821356	16.280132055813475	11.730647311018284	10.779900247494769	13.105350084883511	11.392355079698932	7.4026861707120064	10.151920672968913	11.666950648513470	9.4524883716523771	6.7705163660825125
24.125000000000000	12.439594772344364	10.695155191770340	12.253845209855726	12.624301042257954	11.009284395381854	13.794165211655908	13.043588107711386	12.434907253802450	12.615139856710186	13.938399300072348	14.225773843009797	14.707644490704723	15.398765086546234	14.661482772568391	13.353085298253944	14.548524089051170	13.968219423070302	14.516679517732520	15.782959933692666	15.858325125298073	14.683427979222415	13.596920549333898	11.137920150928810	11.470866446176849	13.830582725332462	13.880443097711236	9.4331082816514282	6.0992537454587419
23.875000000000000	7.1740220134472139	6.5488981609538968	7.3537612287661318	9.0388909103359509	10.196608983365252	9.4045850752406039	9.9653699018443973	10.173207603203153	11.743695885239717	12.879098821518298	11.841802160190539	13.668676191353157	13.385262648035820	12.947552840471843	14.029033062603801	14.021321030041513	14.405575887028839	13.734713050715442	15.354099606741613	15.926364476204910	15.848829538489859	15.846656131360554	15.803457460537658	15.971918774999459	15.536928749881273	15.698721192672615	11.678434034518515	7.9856506760710460
23.625000000000000	4.4685680549896176	5.6807048004577041	6.4035561017409890	7.7067179125476599	8.0661042642962855	8.3745629649573203	7.4292544112034449	6.1254200755384716	6.4356867422008435	8.4780433755738187	10.403327017811392	11.194233532938384	11.397720861944393	10.999524378007948	11.373653013687047	13.596192840243248	14.687837617159687	15.812656815580254	15.909822655434361	15.664376435626636	15.867258072738657	15.563916347185845	15.172072161099834	15.646463580990456	15.915705343147813	15.700838267825240	12.241419468466528	11.667356169996017
23.375000000000000	5.1370425911819524	6.7570046180814245	7.5156411619204846	9.0355118509646104	7.2459865504297198	7.6199619120723838	6.2581215405932653	5.0687126477035918	4.7518531018955343	7.7242190224162073	10.013032063672185	12.537062314299007	13.192503533603698	12.356412804430533	12.033230760830293	13.290086961110561	14.502241274483481	16.189796183712239	16.275704911968134	16.036875824497720	15.985086835954064	15.831993864887060	15.262648940266629	15.237837418995561	15.673710694725820	15.633190851859638	13.374838192296195	15.076898411348157
23.125000000000000	5.6943486442167170	5.5522660222113700	5.4575777660459437	7.3250546239267322	6.1413941639119969	4.1529207724648245	5.0665860604585617	4.4488753970907453	5.0874414055866737	6.5402542335640277	8.6169695435299332	10.879834000472684	11.785118106789767	12.884327686271675	13.519035222031633	14.549671516670642	15.257848499220465	15.366906167601940	15.735164831492014	15.382185151896010	15.052200392390262	15.203704113903399	15.209402833242642	14.984855233554910	15.879394044776618	15.650136075820434	14.901495169534087	15.149848981154165
22.875000000000000	4.3653568253999424	4.9925046554735815	4.9555578469195041	5.8165336453196943	5.3042594862233159	3.6885993231429950	4.7143226270144964	6.2196947708418122	6.6586374877738592	7.0326770258746620	9.2184158298476149	11.617878802324810	13.453039813259750	14.281453523386304	14.621025992957968	14.650464794773370	15.060355737703816	13.710138216719997	14.130927755110378	14.947832299966734	14.197647674148307	15.483971921749522	15.092791130441114	15.762171745216918	15.616051674538923	13.779893888497039	14.859263250579623	14.945667254677055
22.625000000000000	4.5655627570962025	5.0255665902736695	4.8412160008653871	6.7989181562555956	5.8969780152092142	5.7885452680859117	5.3322461293228969	6.9301079158009458	7.9970857553234111	9.0604748436957010	10.211303453227714	10.794884151995205	11.997689755963194	14.269397814176095	14.173479913251711	13.284413324202319	14.380605207848241	13.168854524582869	14.071496366205125	13.800386045542766	13.161133545062697	14.839352217273920	15.875854129118231	15.712566207653545	15.374568951478118	15.715497779223888	15.582635176452911	15.305245953722562
22.375000000000000	5.8257710480779252	5.5242342619755078	5.7400526152436129	7.0732675722546077	7.0314553866054865	5.9662865182434075	6.7337192401752048	6.8155426968530577	7.5336979591194790	10.017685065602663	10.856960467929696	11.190832586055990	11.982314168713543	14.297326764531640	13.025128923023601	14.251592117084364	14.075906855969414	14.085775435815108	14.154899897386358	15.366483432653780	13.884509043518463	13.542569428275669	13.815684642228746	15.665290517463447	15.549362268903771	15.681110787885785	15.332292732242138	14.409514517149880
22.125000000000000	5.7703742495544645	6.2425583108142320	5.5448800334270345	6.5178998743823655	6.4356041283230496	4.8470300015596450	5.4226158509120665	6.8613759158041177	6.9020040543525454	9.3414125646136625	11.799678986532840	10.083543697119993	12.645399255991677	13.939606462966523	14.036586012310615	13.808042314424419	13.836189186257641	-1.0000000000000000	-1.0000000000000000	14.306180571397739	12.671275698343422	12.210130733596813	12.051080313228852	12.655029166653605	14.411433484167610	15.534621555339257	14.511235219503277	12.229178958632900
21.875000000000000	6.1342562177662501	5.3703124716784600	5.1759633536727563	5.9054788441833779	5.1371988686007342	5.0236928559182417	5.8855378481329694	6.9642972681084672	8.6700103328264220	8.0582048773514856	8.3300497915324314	8.5774724139602654	13.338360255648652	13.275075857607760	11.856514093977310	-1.0000000000000000	-1.0000000000000000	-1.0000000000000000	-1.0000000000000000	12.295570630714806	11.399185815047545	10.949261222627001	11.114134674484191	13.144955775020819	13.522029364850965	14.202578508153636	13.672896617847648	10.426445239511011
21.625000000000000	6.0461343733416300	6.6926340338752652	6.8031867614683534	-1.0000000000000000	5.2280189457446937	4.9475047395367824	6.9762676144305118	8.0996948866993961	8.5421574449666764	-1.0000000000000000	-1.0000000000000000	-1.0000000000000000	-1.0000000000000000	-1.0000000000000000	-1.0000000000000000	-1.0000000000000000	-1.0000000000000000	-1.0000000000000000	-1.0000000000000000	11.432467705829723	11.501420572530861	7.9502809006679058	7.6260622053759590	10.224957508984346	11.759196439800590	12.937482885065762	12.740789458177503	11.285639169842241
21.375000000000000	-1.0000000000000000	-1.0000000000000000	-1.0000000000000000	-1.0000000000000000	-1.0000000000000000	-1.0000000000000000	-1.0000000000000000	-1.0000000000000000	-1.0000000000000000	-1.0000000000000000	-1.0000000000000000	-1.0000000000000000	-1.0000000000000000	-1.0000000000000000	-1.0000000000000000	-1.0000000000000000	-1.0000000000000000	-1.0000000000000000	-1.0000000000000000	-1.0000000000000000	7.9414802839671523	4.8901428543318559	6.2332087150387991	8.4177062574065360	9.3677869941725476	10.794120464574320	9.7461081445883480	9.9405103635862275
21.125000000000000	-1.0000000000000000	-1.0000000000000000	-1.0000000000000000	-1.0000000000000000	-1.0000000000000000	-1.0000000000000000	-1.0000000000000000	-1.0000000000000000	-1.0000000000000000	-1.0000000000000000	-1.0000000000000000	-1.0000000000000000	-1.0000000000000000	-1.0000000000000000	-1.0000000000000000	-1.0000000000000000	-1.0000000000000000	-1.0000000000000000	-1.0000000000000000	-1.0000000000000000	7.6805811781798923	6.2900470904039025	6.8169830033893533	6.3961710079984613	8.1966839637728555	7.3923310181569946	6.9085437094301057	7.9630242732470862
20.875000000000000	-1.0000000000000000	-1.0000000000000000	-1.0000000000000000	-1.0000000000000000	-1.0000000000000000	-1.0000000000000000	-1.0000000000000000	-1.0000000000000000	-1.0000000000000000	-1.0000000000000000	-1.0000000000000000	-1.0000000000000000	-1.0000000000000000	-1.0000000000000000	-1.0000000000000000	-1.0000000000000000	-1.0000000000000000	-1.0000000000000000	-1.0000000000000000	-1.0000000000000000	-1.0000000000000000	8.1479907132690812	8.7047128355316090	7.2232085848845173	6.4047806234072908	5.4596458784306208	6.3036236817449947	7.1663723598438906
20.625000000000000	-1.0000000000000000	-1.0000000000000000	-1.0000000000000000	-1.0000000000000000	-1.0000000000000000	-1.0000000000000000	-1.0000000000000000	-1.0000000000000000	-1.0000000000000000	-1.0000000000000000	-1.0000000000000000	-1.0000000000000000	-1.0000000000000000	-1.0000000000000000	-1.0000000000000000	-1.0000000000000000	-1.0000000000000000	-1.0000000000000000	-1.0000000000000000	-1.0000000000000000	-1.0000000000000000	11.175666000594319	10.659007538972688	10.476030729023151	6.9451826469583295	5.9330168926359619	4.7302657903020133	5.0133043297913389
20.375000000000000	-1.0000000000000000	-1.0000000000000000	-1.0000000000000000	-1.0000000000000000	-1.0000000000000000	-1.0000000000000000	-1.0000000000000000	-1.0000000000000000	-1.0000000000000000	-1.0000000000000000	-1.0000000000000000	-1.0000000000000000	-1.0000000000000000	-1.0000000000000000	-1.0000000000000000	-1.0000000000000000	-1.0000000000000000	-1.0000000000000000	-1.0000000000000000	-1.0000000000000000	-1.0000000000000000	-1.0000000000000000	12.102088854726219	10.237536587217079	7.8485198336477282	6.3654713594047507	3.5890606343414078	4.3727964817485656
20.125000000000000	-1.0000000000000000	-1.0000000000000000	-1.0000000000000000	-1.0000000000000000	-1.0000000000000000	-1.0000000000000000	-1.0000000000000000	-1.0000000000000000	-1.0000000000000000	-1.0000000000000000	-1.0000000000000000	-1.0000000000000000	-1.0000000000000000	-1.0000000000000000	-1.0000000000000000	-1.0000000000000000	-1.0000000000000000	-1.0000000000000000	-1.0000000000000000	-1.0000000000000000	-1.0000000000000000	-1.0000000000000000	-1.0000000000000000	9.0933274269093545	7.5266103240985416	4.2729504314437463	3.5782363992671691	2.6181606269242366
cpt:C=3, cpt:clim_prob=0.33333333333299997
	87.125000000000000	87.375000000000000	87.625000000000000	87.875000000000000	88.125000000000000	88.375000000000000	88.625000000000000	88.875000000000000	89.125000000000000	89.375000000000000	89.625000000000000	89.875000000000000	90.125000000000000	90.375000000000000	90.625000000000000	90.875000000000000	91.125000000000000	91.375000000000000	91.625000000000000	91.875000000000000	92.125000000000000	92.375000000000000	92.625000000000000	92.875000000000000	93.125000000000000	93.375000000000000	93.625000000000000	93.875000000000000
27.875000000000000	15.721065001713406	15.082856340232670	10.297099509107429	8.7646987228740514	13.726136370492700	23.198998286713454	25.832802658588239	22.518615266465286	29.327020135598943	33.495864055298767	30.748154431306062	28.005917904523255	42.162712545385624	46.454496099274664	45.423120174526353	38.508867697775848	53.285938168139445	46.769762028302409	50.771998996344969	46.881800326654819	36.216091785190329	29.953167888241705	25.447941312679827	32.126807527457387	34.439021660957266	30.963284828608916	37.955470789301899	42.991693770134795
27.625000000000000	11.025347057076788	12.581366002380499	17.809119421903240	15.944699256087963	22.589098997359773	14.206044442213011	17.900250457509895	21.310756789855485	27.815189488813711	28.792246306592013	28.746010338106377	23.733720459903569	38.430410977666966	51.937426040791934	50.820324516015745	44.082993768071702	50.509187021262072	50.183151761737200	49.394933551673716	44.568914665898852	40.365554648315396	41.712813829830750	39.053951761899704	36.188248058824740	33.096455194749566	25.222705841706173	32.591381654461188	35.967527783505894
27.375000000000000	13.695334568188949	18.173930005152055	16.658677456343661	16.415727498027763	23.016211775145038	21.120080552084953	18.014208421172814	15.853978089273046	14.503765717933648	20.629106547197136	22.213689812735410	23.116696218073500	33.195821965349637	33.971649176552646	27.156182548340546	28.405948591504671	31.428393305204601	22.197146759975876	21.387465752644772	24.182675659765184	23.145881874922214	23.256933872460319	18.558153088488062	14.565609853382764	12.164569828819380	13.592391979888443	16.139941797358780	14.431585610075548
27.125000000000000	17.535731088792510	17.121185151031995	19.131469683630545	23.556104515894571	20.852997619239723	19.248308009968611	13.999765954111929	12.064621962059533	8.1267744279279448	11.759536664213277	14.544115524958798	11.964457779671054	23.352870762140270	25.536345337844839	12.085699106791880	10.648149095592846	10.914454404073426	12.589638348854781	9.0323649557750922	12.470371391575592	13.957133374003430	9.4455517154681381	8.8187343326986092	7.8905193033864185	6.5655628015803629	8.8992211585254317	7.6785362844890823	8.5600299809971769
26.875000000000000	19.980194753419482	18.006950217406978	25.548172439260046	19.519784863648223	17.372473555885861	16.253643173502308	14.009022307852273	16.866054905764166	16.160922274253910	12.355267179438229	14.279613692105542	19.143185578925916	28.862487895031631	26.275283990537247	19.187318641765167	10.666383764583525	6.5263789633325793	7.8213154418708326	4.8049177086681532	7.3115992460819070	4.8892515913403365	2.9707197352810981	2.6220282645676973	3.2413098935835363	4.6116141971804536	3.9531929375987747	4.1628959968583841	4.7181046189363736
26.625000000000000	15.056873212784701	14.425123335227502	14.793507593584554	17.988899230292834	17.407417577065385	11.879858898620139	13.748980820564475	15.089637312070190	13.412832218880096	15.827808211694553	19.475887664303979	18.139216525899922	29.649747825276652	14.393489714456676	13.653816443911321	13.337993461417467	7.1786692134522854	9.3075773237747068	10.431603115399765	9.1386169345691393	3.0421054744680687	1.3713962743747830	1.6029992351491285	1.9343026618414842	3.9520353475553236	3.0764118699012628	2.6652286387876019	3.5336574435697945
26.375000000000000	19.856401605116922	18.110812461279441	15.440378971384582	14.224273822602033	8.8023520809314793	11.859321255506819	13.031232917604429	11.198840805199829	12.919845648974599	11.969950758976102	11.293969570068651	20.603507757790716	25.248382155865006	29.723554515611323	22.161712442094323	24.627762843489030	17.920163811782455	19.894287691022612	11.502667442503693	12.903038833300586	4.6296770641982423	1.5027688402758295	1.4085783664499856	2.0279948036416204	3.6034196886336827	5.7414078363622627	6.1691469180110134	4.3599012244322228
26.125000000000000	17.111745391369013	15.479053838685680	12.100416969703844	8.3067804085047232	5.9933498740525000	9.0796458466578756	10.323740794506158	11.251635188746770	7.8324880735394524	7.7424891170498293	9.8342158221960450	19.922258637997501	29.865362960240162	43.896278615121261	38.246760047726710	30.280532260606741	23.327925186219272	19.317655919070081	18.135442887362739	12.439496968050072	6.2811364105094540	2.5140793178684331	4.4159709895313224	7.3185259757064873	5.3718497747666376	7.0810123980051722	8.3084485364465657	7.3517768961141181
25.875000000000000	18.723133918150797	16.037948293781717	9.1553440493354703	8.5625185269374064	10.563532901126708	11.688752514118740	16.201020582672506	17.036829578320443	15.677977188198719	15.405978885568638	14.385468706257349	15.167065894887880	20.574587235261912	35.289521674986439	27.507589463540477	21.123755757220568	14.337974658250236	13.522935717533372	10.461888028669240	11.232870401632294	7.4487388376977481	5.4052198274891472	7.2428871073161885	5.8789890537661398	6.6584708792087932	8.0076650794992972	10.388421346499173	11.437002734739666
25.625000000000000	21.076162565289948	17.388518421806431	13.861814289937907	15.569086925824188	18.141380853222188	26.938409557525983	30.304440389428510	27.833286693784991	31.210103578318748	27.303170157811181	19.531460566491170	20.921897456471680	23.196101689832339	21.958487368474525	16.123870733384656	11.604721454109553	8.9762881953482054	12.417717628785075	11.817642017707508	10.445467200055566	13.611122508185611	13.981141415747929	11.647454857558598	8.9064639154610763	6.3091293813924931	6.6699212046856760	7.7221081536761300	8.6043123876187497
25.375000000000000	23.179559532941301	22.667511776665091	26.771032942679497	32.137313823033089	32.471403618935696	31.162559746213280	28.726931084410605	30.462259557700634	31.468636981437825	28.724973247192260	25.792366029761187	19.025452154739213	13.378188059188940	12.021641307789730	7.1120900776175420	5.5547812661271392	3.9524854008779862	4.1321006286879989	5.1557542187074654	8.6105803698608785	8.6833166579214840	14.002079216722130	14.711996633238369	10.021281136874350	6.5855147222031754	6.8946944014577172	8.2556818659976443	5.5312757078242649
25.125000000000000	19.778501532710173	26.879408840141473	28.592478558860456	32.563440930565633	39.922041038739728	31.992370112477481	30.034629718059325	34.112677004174486	34.769020895946390	33.675637778255286	35.554209396051675	27.601882113479050	15.582173147422946	8.6810736251319831	5.9631752902762001	4.3838820002981125	3.2280030707064755	3.2567145174559977	2.7072522940230170	4.4856562237947841	5.8170002392941855	7.6191622111961443	9.2983623450715918	6.5073629363005159	5.3879095511965440	7.1031079401460930	7.5095236574785300	7.3523373513253789
24.875000000000000	41.449349786459734	35.488833254657578	32.744885541324585	38.305248980904345	46.392889709281285	42.414491746183138	46.742507532135633	46.001781486155210	47.789224615395618	42.810198805526575	40.576862504730030	34.324412005849261	23.539921916541179	16.771857621667959	8.0848340529889047	4.4232778726443929	4.3964720927035632	6.0555100685295056	6.2090370286808287	8.0708466896714217	7.9261280899263697	7.1873603597331650	8.2723744299916735	7.2773580921832437	4.8123176057842665	6.6955742735890817	8.6905833127657068	6.3048032325391992
24.625000000000000	50.135172126416869	50.411861526412551	48.280177306002415	49.155659888813787	52.421164383798100	58.065693594148904	52.447300322571941	49.207175709174358	52.046593807570616	48.106873318717170	47.668941761108194	43.229801654577592	37.404547438355578	27.022760490219156	16.957973660341025	18.998855943388499	20.423283480877586	27.534097109893651	17.043554090233748	14.258181182538419	11.728527254101909	7.3460111396248449	5.4419700608890782	4.1826870496186945	4.0980784090758302	7.4954239006341847	11.178063811707368	8.8287530776789591
24.375000000000000	61.925120351939178	62.842692698954870	59.476176879227104	63.167383654628814	65.394446045061443	59.779583621327248	57.149003215993964	56.454780869911183	57.127778538941342	59.712977044496853	59.118117271917939	56.062507542257258	52.754604694275542	44.720279653855513	49.779018406112783	49.801174019285469	43.640780266780709	40.010014827904612	40.660323030846335	14.685998136779002	12.937862951830493	20.278619377177236	14.770064183199475	7.3274894731587183	12.253644621318635	15.977811406973821	11.665669568476487	7.1083922749017603
24.125000000000000	68.235497068704248	75.017594370333683	69.849451859369623	68.706371925399409	75.004474625668195	64.936582817633422	68.127557270517400	70.130803039563901	69.624825620598926	64.724319696638702	62.895373625024156	60.372507134194052	55.597030180146504	59.202260172787589	65.731115261142662	59.464193805999585	62.396231886341660	59.952821560766488	51.010514780553265	33.543318756322940	25.598538484243683	21.667504545832163	14.316193152825729	15.141868881171469	22.016601671313019	22.445628542587954	10.957044953005280	5.7424167909891546
23.875000000000000	85.131746083289073	86.838691481680414	84.904073117061401	80.634971073218125	77.332528789217164	79.336262030641493	77.683752827367542	77.463729151225124	72.845390014751814	68.849035048505883	72.742304951118157	65.341906982263524	66.340334945261077	67.514304024178813	62.513920658521229	62.460610731397971	60.576398876114233	64.132133762265383	54.234927928943222	36.444119386578400	36.031542646911333	40.494351427015054	38.074671025322864	35.686182799406787	31.338272811646728	33.236371906635156	15.738953493437579	8.2642831556375853
23.625000000000000	91.464955454110878	88.868845376929585	87.514181017026033	84.210045496278070	83.019078237020494	82.105398930318984	84.643557835673221	88.144487664889141	87.653697580615301	82.611513593269365	77.218624474424175	74.521770234110235	73.683618134357417	74.912034482934047	73.342941307043546	64.988999312689756	59.338537561995054	51.757010818916442	34.471484302827065	32.643282156521771	39.101468539611446	48.611627879969966	52.072904112904553	47.604776800704926	39.112338509544173	33.910968775237691	17.122190113672204	15.925063192675426
23.375000000000000	90.165720215663811	86.567492307183073	84.895357976950905	80.991603252639806	85.335168826803695	84.625875175664405	87.789638323660284	90.502477692692111	91.188333765818143	84.262178491908898	77.815019758332056	68.828434174259769	65.888372287389828	69.717658576710008	71.871731196964575	67.014304630633760	61.414129594637558	46.949620064476257	39.735516832758876	38.680633053510185	43.127409121073825	45.400170661657917	51.044450679188259	52.050646185157980	45.608074546850283	33.598616056001973	21.180924413544474	29.556050082982761
23.125000000000000	89.075683181153892	89.402131898990973	89.825272538303395	85.357102928268674	88.081325081320088	92.413361768779481	90.427793709181259	91.776201885326131	90.519121590708366	86.971585753594852	81.525469331633047	74.553940706012781	71.421827093681131	67.755099308925480	65.646004304286947	61.045624228406027	56.276183452271177	54.624884671202523	50.846683522711558	53.254404123781626	54.768917865435583	54.114293739162733	52.782285565692611	54.426015310925081	40.918901717202147	34.872354701695592	29.034298237366130	29.958263421343318
22.875000000000000	91.992790184457888	90.560084132506390	90.860494852806809	89.099435272579740	90.214433637988009	93.382788740123928	91.347608770715240	87.764031809001594	86.646817930111268	85.625714236538428	79.822007284519046	72.362562287724870	65.059830391259439	61.735087982038991	60.337224978572124	60.405004342971225	58.048344755445399	64.524258791587030	61.846193727421593	56.705294213540199	60.755138340505120	52.778578564588365	54.812043965872334	46.877080920037415	37.793648367466304	24.272265117765091	28.912790895357254	29.226304248372543
22.625000000000000	91.508819734727027	90.524466980109025	91.104447598398139	86.861218627579689	88.903388794809146	89.012628481522867	89.954593819491294	86.346200453785201	83.248387752347426	80.583564164338938	76.970685451222806	75.120948074015814	71.682630856279360	62.579281162900138	63.031406227899978	66.549211228559926	61.648671557928090	67.187329254432342	62.874270663533125	64.000850028095130	66.395148162214042	57.941966400839895	46.092638513561887	46.230682623330551	34.615199336535582	41.086023166856009	37.251441946016847	50.913752134493848
22.375000000000000	88.762005539634785	89.518280111760916	88.967855703386519	86.300729179022085	86.404369365760687	88.906700180805586	86.849074413945345	86.486346542924707	84.602585855422234	77.763873367795185	74.971250346172070	74.508492345784234	71.827872806025923	62.398204609786781	67.889283704150841	62.235958777314274	63.028256702765653	63.043196703076234	62.623291190520192	55.329254062954661	62.608380236381009	64.358264268211485	62.652022528067121	47.225790781852240	46.195604414987962	40.499830079957405	50.669001578884078	57.486332464228887
22.125000000000000	88.980264043163643	87.890709448751167	89.735133998469507	87.489486206557302	87.449855239289562	90.898152107629130	89.757762772709924	86.098629723178988	85.995854474532223	79.615732414431932	72.376705922242678	78.216212411170787	69.756094427147190	63.435327136468288	62.488603113908191	63.946665338745980	64.087220667989826	-1.0000000000000000	-1.0000000000000000	60.965768249625675	67.566644193155852	69.086217847142422	70.024566268342667	67.075811626065246	56.654835519665859	46.535945912511323	57.140220237333125	67.935986098114171
21.875000000000000	88.170858209833298	89.773506145053062	90.175072268495484	88.426323768872848	90.264156162628836	90.490178510856921	88.574756782671955	86.232295812674593	81.897142526194799	84.025578000683311	83.274414361124798	82.388935025361647	67.468986009572959	67.128646967937271	72.259821639232030	-1.0000000000000000	-1.0000000000000000	-1.0000000000000000	-1.0000000000000000	69.805098431702362	72.693661029521024	73.714554085047013	72.651133176325317	64.452540304640053	62.488840974751312	57.612788157574272	60.885404943205778	74.159783061093876
21.625000000000000	88.213569052033421	86.467742462529912	86.101855950465378	-1.0000000000000000	90.066968098220997	90.695243020398877	86.459949274815443	83.896155103522403	82.599914014943948	-1.0000000000000000	-1.0000000000000000	-1.0000000000000000	-1.0000000000000000	-1.0000000000000000	-1.0000000000000000	-1.0000000000000000	-1.0000000000000000	-1.0000000000000000	-1.0000000000000000	73.370536744556361	72.423423506407687	82.790425653937788	83.581693191042675	75.633085622584090	70.442104099238591	64.501823510865052	65.590948017283097	71.245482682800727
21.375000000000000	-1.0000000000000000	-1.0000000000000000	-1.0000000000000000	-1.0000000000000000	-1.0000000000000000	-1.0000000000000000	-1.0000000000000000	-1.0000000000000000	-1.0000000000000000	-1.0000000000000000	-1.0000000000000000	-1.0000000000000000	-1.0000000000000000	-1.0000000000000000	-1.0000000000000000	-1.0000000000000000	-1.0000000000000000	-1.0000000000000000	-1.0000000000000000	-1.0000000000000000	83.140687787539918	90.535225398785414	87.363115377328569	81.392561410672485	78.504927793382990	73.654390147556697	77.333924758251243	76.431843796355110
21.125000000000000	-1.0000000000000000	-1.0000000000000000	-1.0000000000000000	-1.0000000000000000	-1.0000000000000000	-1.0000000000000000	-1.0000000000000000	-1.0000000000000000	-1.0000000000000000	-1.0000000000000000	-1.0000000000000000	-1.0000000000000000	-1.0000000000000000	-1.0000000000000000	-1.0000000000000000	-1.0000000000000000	-1.0000000000000000	-1.0000000000000000	-1.0000000000000000	-1.0000000000000000	83.893349878794737	87.127219788766013	85.723424588256549	86.681646777470462	82.191260651500770	84.429497896893906	85.735172843941825	82.734575711626505
20.875000000000000	-1.0000000000000000	-1.0000000000000000	-1.0000000000000000	-1.0000000000000000	-1.0000000000000000	-1.0000000000000000	-1.0000000000000000	-1.0000000000000000	-1.0000000000000000	-1.0000000000000000	-1.0000000000000000	-1.0000000000000000	-1.0000000000000000	-1.0000000000000000	-1.0000000000000000	-1.0000000000000000	-1.0000000000000000	-1.0000000000000000	-1.0000000000000000	-1.0000000000000000	-1.0000000000000000	82.401051026501165	80.669741573960351	84.777057878322879	86.728434169944208	89.371986067158502	87.389889621527729	85.232335972757042
20.625000000000000	-1.0000000000000000	-1.0000000000000000	-1.0000000000000000	-1.0000000000000000	-1.0000000000000000	-1.0000000000000000	-1.0000000000000000	-1.0000000000000000	-1.0000000000000000	-1.0000000000000000	-1.0000000000000000	-1.0000000000000000	-1.0000000000000000	-1.0000000000000000	-1.0000000000000000	-1.0000000000000000	-1.0000000000000000	-1.0000000000000000	-1.0000000000000000	-1.0000000000000000	-1.0000000000000000	72.829134575065751	74.244298722912234	74.642355078609086	85.285040817912630	87.966615097686173	90.926967854920150	90.409912244858859
20.375000000000000	-1.0000000000000000	-1.0000000000000000	-1.0000000000000000	-1.0000000000000000	-1.0000000000000000	-1.0000000000000000	-1.0000000000000000	-1.0000000000000000	-1.0000000000000000	-1.0000000000000000	-1.0000000000000000	-1.0000000000000000	-1.0000000000000000	-1.0000000000000000	-1.0000000000000000	-1.0000000000000000	-1.0000000000000000	-1.0000000000000000	-1.0000000000000000	-1.0000000000000000	-1.0000000000000000	-1.0000000000000000	68.429492311812851	75.488463849659510	82.725423922939910	86.783675947392354	93.340700977661939	91.740491617282999
20.125000000000000	-1.0000000000000000	-1.0000000000000000	-1.0000000000000000	-1.0000000000000000	-1.0000000000000000	-1.0000000000000000	-1.0000000000000000	-1.0000000000000000	-1.0000000000000000	-1.0000000000000000	-1.0000000000000000	-1.0000000000000000	-1.0000000000000000	-1.0000000000000000	-1.0000000000000000	-1.0000000000000000	-1.0000000000000000	-1.0000000000000000	-1.0000000000000000	-1.0000000000000000	-1.0000000000000000	-1.0000000000000000	-1.0000000000000000	78.535231624991269	83.515535948880569	91.668639930311457	93.256499792776978	95.324492535262635
