xmlns:cpt=http://iri.columbia.edu/CPT/v10/
cpt:ncats=3
cpt:field=prcp, cpt:C=1, cpt:clim_prob=0.33333333333300003, cpt:T=2019-11/2020-01, cpt:nrow=32, cpt:ncol=28, cpt:row=Y, cpt:col=X, cpt:units=probability (%), cpt:missing=-1.0000000000000000              
	87.125000000000000	87.375000000000000	87.625000000000000	87.875000000000000	88.125000000000000	88.375000000000000	88.625000000000000	88.875000000000000	89.125000000000000	89.375000000000000	89.625000000000000	89.875000000000000	90.125000000000000	90.375000000000000	90.625000000000000	90.875000000000000	91.125000000000000	91.375000000000000	91.625000000000000	91.875000000000000	92.125000000000000	92.375000000000000	92.625000000000000	92.875000000000000	93.125000000000000	93.375000000000000	93.625000000000000	93.875000000000000
27.875000000000000	44.351700590302755	36.114130624277706	43.374434455586751	49.787653681365704	65.618503042446832	77.347249200668443	69.924877485893546	57.298031133869351	65.734791151261959	57.908123895055425	37.182188901709722	36.042923453600004	31.536704520689995	27.641533224963098	18.580205168658225	21.399791394887131	29.352840067267365	18.790575293583430	23.547561882143384	19.108442746138081	22.413589371339057	16.232711761033528	25.707559283134060	23.142737040854129	29.694999355582581	37.325950898270492	47.867062099791838	50.899346427804403
27.625000000000000	42.148314951249134	41.358652257629025	53.814720512833873	54.843288330870898	63.743488725161505	64.178405137392161	73.729020055239999	55.717038466628090	69.392844672434336	53.709666899187049	46.539581191471193	37.304371098778930	37.479172410312813	28.435036346673726	20.996251423892787	14.460042346852390	23.890690792133455	16.418995196502109	15.620298172504747	20.848529436945313	19.158461573715016	20.259685725930453	20.805283737225892	26.711883203046781	38.351784687135762	47.771008077371981	50.910568270314002	49.892589751842451
27.375000000000000	43.079787669867422	52.935973247054392	40.855202353632095	46.007602324633766	56.456416851857526	68.909538424099111	69.786230902602227	61.165316584950375	55.776252316885426	44.606338311289932	39.815174294874609	34.555713870345599	27.563448319612988	24.577691323447752	22.019436393420150	16.400064691913926	22.699232148269161	25.549132956739086	22.855363630776850	22.001640104825498	19.153550572951715	32.358615532526642	28.751829081717830	30.556759408553106	42.675739971583070	49.866381252501334	46.691883891957431	46.507852143944703
27.125000000000000	48.325007572096965	49.473592287165125	46.893238652031989	57.529736821389768	56.757544605166487	50.747896238006255	50.779258964620801	61.663585842225302	55.816909844364595	57.908073363776488	63.103597273536892	46.885190081948160	47.478553384831287	51.082840562530009	48.454191924094033	45.813352747523531	35.097960926135755	38.629560741626833	35.330567008931752	34.786101875378932	41.402239320821302	31.364534249258824	33.493419267341068	34.424817358591113	41.502385765388794	45.493167689589995	45.599313604930501	42.771487996659232
26.875000000000000	45.592798829142154	51.106751173848700	47.804815595086758	56.255201646694708	58.576120211687375	54.467152312532811	59.480559867976623	64.956370090448161	58.181619717898670	60.141972556811588	63.665123744710314	54.956588460754332	51.931329424088055	51.772505961018098	50.851361804731944	36.027778696991156	34.310862841291893	32.096117269362793	31.451571369823526	35.646815327315025	33.974145387801769	34.368186841830891	36.487536747839421	30.641543494542262	39.875017946741544	34.461530950968893	35.992507232304163	39.836530888946541
26.625000000000000	42.808057826265852	42.595460365971839	46.155167630182234	58.660976165873016	63.941384258109672	61.675148280837419	57.548297699920958	51.343852102194468	51.214953596741822	49.379112628088528	60.989749802790811	48.165346072970053	40.512297614455271	39.666793250725100	42.398182504292301	40.131363052792764	38.240023394381787	36.415681860635594	35.475758983064367	34.315025466795333	35.919892673909644	35.168157737976486	34.432930471088156	32.087710136958478	37.303781031870443	38.855661778235671	37.006443273042102	35.107782375655361
26.375000000000000	35.594510224915069	43.502701896124584	41.531995947074861	46.631897877859920	54.771149864938707	49.513744536046453	45.415638486649954	43.792171216570594	53.008027866395551	54.994355970700646	50.568670441037590	39.115680387941254	34.495173112438451	34.517266617789616	37.789199005722885	38.207491375421945	36.883706960599703	31.647557168960489	30.544242144874715	26.576522423424677	30.604152885261129	26.126942894637352	21.655262333515850	23.472009155122080	23.837550796795369	26.612971144854015	27.082042329235193	26.351903035817898
26.125000000000000	29.470081329337745	41.948098989051239	37.510777613785294	39.123784344400022	40.806172401619115	39.975280419792611	33.991522370224445	32.336548048266962	39.832062394007359	42.464286679229978	37.613297511279953	31.462466790110042	29.587209981949229	33.679013532091844	27.888373888333007	31.255162441410263	32.645275599572670	29.139319553515875	31.792993356274849	29.152207038382372	25.896999547537078	19.330043692929578	17.913852105145367	16.202011376197660	18.835972032396398	25.504975209962424	24.232761497904932	28.286935173182854
25.875000000000000	30.393389015256744	28.103425959229426	29.182852975401801	30.346105849207873	26.328857638176700	29.409942487197895	33.330073439942339	33.212935427113990	39.685820200869969	35.092296636833836	38.473998681672981	22.908344539152353	24.009361218385450	27.449023655582579	23.956043583148485	26.227590278394885	34.315264073567647	34.329960692775629	26.167703865420506	18.955953930784247	18.911578830492743	19.888373274820452	19.789440028662469	20.465071258120133	27.328808981716321	28.412903075797317	18.547945634761120	26.265516622451742
25.625000000000000	37.605000656621797	37.245799017652615	28.665120175187496	31.797155966260405	36.437084622649898	31.341614800280553	32.532360819567359	39.570212165464149	37.790762208570840	34.789859401621499	34.208688158439543	20.782577290663198	23.555222298156593	32.396504603372577	33.141557454616404	28.413955552225346	25.546501665470160	16.994395420878632	12.098464165219909	14.369032487617829	13.497009352511839	19.649971329642298	25.873507067559771	24.100559594615333	27.162406482908381	33.716909503258051	31.535426869423205	29.848048113423857
25.375000000000000	28.102457987196559	29.467651662178881	29.985984227996880	36.633782642141078	32.025413265790192	31.773801792150081	33.636604277588162	31.227511561722494	26.955866958259691	25.586244995322147	21.118984495917033	17.801568122802706	25.141485395811671	23.845450766627479	24.837058601761299	22.236269868315688	12.948876819513444	11.617507165486842	13.126230460686273	14.005149927012880	20.666834575729524	18.726963842494030	16.645998878672742	19.098345855559046	29.676171963646809	36.835886512861194	31.013416414882172	27.209586392395849
25.125000000000000	22.411630050053873	25.725970573399181	30.586475626552584	29.454602509479884	33.193915841433224	29.224030066983417	24.482840740899746	16.261894744500466	21.117727365305015	22.912184657475123	19.967598733013261	16.873422339202776	21.280485760065346	18.369691671890237	22.626861558562481	17.163636665940473	12.000599745789543	13.214165488238706	12.087302689527149	12.881340023547978	15.323456139022881	17.028868560876859	16.614010965478300	25.155942033063809	26.305231626884762	32.430186630462401	29.652905134439635	19.264477904255656
24.875000000000000	25.201155688862571	26.856301145513413	33.387318994804559	26.460078132581572	17.066468499806987	14.837406760365894	10.540587660798067	9.9734380496534101	16.922772529425671	15.453256038198049	13.096482740049339	13.942053497679638	13.233889056780782	11.254028164476821	17.608386813126813	16.164064816562870	11.513896720656206	12.941549897612404	13.229088264095978	12.052172270378932	11.567722101396711	16.379504991924392	16.169408024424470	13.868931103204275	18.650959586143003	22.767631506411078	23.541162125585274	19.094820559825706
24.625000000000000	15.960060781445989	21.595667499475880	16.055772794854846	16.133344483022910	10.904696028568111	10.011525254958372	8.9978347274158068	8.4542437022468846	8.9676581194685099	8.9701199491267118	10.624085585845620	9.5399877998804925	13.362108135410892	11.390912241434492	14.649941784843051	14.062230467256484	13.414691978648179	12.306246407082668	12.183933700585158	6.7389038338147600	10.227320809234186	11.429698117165046	11.317922358850254	11.586588947911622	14.149046412656062	13.142236960237682	25.808613607816724	20.553928218930650
24.375000000000000	7.9330457573529998	7.2133248357585558	7.1565029947300900	7.5912392652531366	6.5148454886117690	5.3747360337635399	6.9451604106999980	5.0578070156406625	5.5234997432651340	5.8981300177251086	7.7991249842156947	7.9834691107464550	7.7803407958171675	10.853632596723244	10.343676392657969	12.292820895778803	10.285831078918122	8.0932823053062179	6.7295203844365119	9.9357689400469127	7.1352613727417804	8.9260870496521818	12.705083654899511	10.013563130059367	14.177576782656161	17.092599144533338	26.745053805823687	25.622356802905614
24.125000000000000	3.6625618008231697	5.2985358036517169	4.7672295276351804	4.7880227481758197	4.1780892851173519	3.3265274408169461	4.3012567366518368	3.7453475051194687	4.9631243117917307	5.0116671898446441	6.4539465831063012	8.4703289748749455	8.6023630058630971	9.1512264512628008	10.015188042066640	9.2644154578606219	9.6545087399825604	8.8618514332350742	6.8046043039023232	6.7782636033256694	10.013106095836932	10.583735680588632	15.218654394258962	16.463679243594569	22.884173390704049	24.846668184190477	21.579972080351311	28.570509904029052
23.875000000000000	4.9411493248957044	5.1969946628574633	4.3181617179794074	2.9963623915640767	2.9310045929469339	3.6718025950310818	3.8617116500851836	3.9126383049874249	3.5534215876448059	4.5675518005686513	6.7712014410670065	8.0418483959117708	7.6679538306012063	8.2231388391334121	10.258289601870786	7.6452592409745677	7.4063630361340387	7.0320582711161990	7.2416326168410308	6.2277024788671298	8.4788520644259791	10.296600006428164	14.494070387472163	19.540328298754602	28.040163277329299	35.871334571844258	42.943840311674506	36.351503415733944
23.625000000000000	5.0637057916960515	5.0453913857780464	3.5916291366488622	3.2911974390966350	3.1817193428061614	3.4678054997901455	3.4796171240351725	3.1527310266521908	4.2245921507953597	4.1038319513762644	4.5048044026205361	9.6464577730054657	6.8870833711387860	7.8367844595980500	8.6432217947601231	6.1363602810856008	5.1934070346588328	7.7109314824019464	9.4124897166877588	10.700456968011039	8.2258349429766326	8.0383964528267740	12.585875026693785	18.895087898308830	25.710427103244925	32.574419990429163	40.977880666240551	35.178334797937850
23.375000000000000	4.2247595994071503	3.8101045743422759	3.0861740034615508	4.1150368374883755	4.6815477061642952	4.1960828787555897	3.6658319009966078	3.8398209007542476	4.2496275361839366	6.2421603482875128	5.4549532266265004	5.4270003051518216	5.5726110751687230	6.7398626539934838	6.8620990097231669	8.1950006682489942	7.4665480023435862	9.0440287558821097	11.299486814988995	11.161735063284681	11.951614631403217	14.618660648480969	22.568117913915572	21.968765631051426	23.415937426596585	37.093385587608097	36.813969672673949	24.953093851247971
23.125000000000000	3.9636565095139673	2.4104399904550888	3.5432022065866704	3.9326405491276688	3.7048852776171941	3.4717980834306275	4.3820783072509499	5.2286048035309705	5.1479383085955135	4.6636105048981733	3.8399123961585389	4.5549339470965009	5.7252844606667423	6.8444108099650691	9.5729232207420836	10.264374133991282	7.8066705263717182	9.0121896064144522	12.149132423941310	14.493696536616923	18.576871888028350	25.087503413435016	24.579107276123864	27.265633233664587	28.652221107984914	37.139295978333742	35.477405115212207	42.482092356646348
22.875000000000000	3.0573339901436611	2.6645556106662127	2.7402227990291976	3.0589961097418410	3.2706745268123143	6.4350378373631401	7.5519145631615174	7.9701863891652636	5.4525867642755230	3.5527254734834912	4.3478141114065068	5.7639637592874493	5.6961868168171890	9.8977302834314429	12.833743418750572	12.530009244350609	9.7172238140894365	14.170919698033330	13.898568528041793	19.374614907561153	24.649315568984960	22.956186658070436	22.097697954608122	25.137757567455495	32.688205828828771	44.024534316632391	52.377103749601424	51.552759863228928
22.625000000000000	2.3567973343330664	2.8058057251334816	2.7058177844739788	3.5312136682639164	3.4828867500842620	4.1663132205849536	6.2679435008323310	6.9129435823867169	4.7072528144616399	4.5396121972560053	4.9102029904893811	6.9274364268748627	8.8130562584005787	9.8239391035258734	18.256547920829874	16.450396733436733	21.989033065243689	22.155330008346468	18.899609287831012	25.498511182630850	25.367751908945849	21.170299541057275	23.048295622627620	28.150005754538071	34.568494291710010	44.743228011550372	54.648077600456993	42.585179789643178
22.375000000000000	2.9902091192814026	3.8021231438412997	3.0044047707978905	3.2098120789667632	4.2200634267863393	5.3875052152778267	4.4284576363614860	4.7371227413430290	5.0842702582030768	5.2071240169401989	6.0936544109849251	6.3488390767734444	12.652212580607042	19.347532748417692	22.343067662610949	24.211011411832573	21.847603067274207	25.769702694128355	24.564510976632462	26.759947879631241	22.623732105968713	22.770557778649703	22.587766701014132	27.955570820708672	32.703147407561488	43.411678185553271	52.796534467136063	46.652336422978500
22.125000000000000	2.5141952426485688	3.2230596987799203	4.0697579774627854	4.3915461904147719	4.1340294288632151	4.6863039130856521	4.4940483379946556	5.1269254746390089	5.3456102872839608	6.2185712734672762	7.8373047492504497	9.5880533443992562	17.213053876541650	20.171392337705413	25.312549878579233	20.671097481591559	22.016659162642682	-1.0000000000000000	-1.0000000000000000	24.317754230898998	20.766576253195410	23.062036739989750	26.787352877224407	30.631224587896043	35.028127183428822	44.634190026794073	46.147109329614011	47.062067915044700
21.875000000000000	3.1745545002062556	3.7328448057111530	4.9050200869880314	5.4285271990423638	5.0394815724641546	5.9005827105503670	4.8040447990250925	5.7318395580091703	5.8190760864026458	6.6702384081822572	7.7500833570248204	8.0477312262069631	16.235901667453916	22.643595174878101	20.795152404765631	-1.0000000000000000	-1.0000000000000000	-1.0000000000000000	-1.0000000000000000	25.931501798128537	29.581225447053228	27.824079266518311	32.822337719998458	39.941491846347589	42.003640637095472	46.809974718259021	58.987823633359007	45.963574533868766
21.625000000000000	4.5492612737209441	5.9288549257641563	5.3664195607006491	-1.0000000000000000	5.1526199119194871	5.1806343301966677	5.0959573662938169	5.4139155996592763	6.0659602099561880	-1.0000000000000000	-1.0000000000000000	-1.0000000000000000	-1.0000000000000000	-1.0000000000000000	-1.0000000000000000	-1.0000000000000000	-1.0000000000000000	-1.0000000000000000	-1.0000000000000000	31.260021664794152	28.236218263347453	30.597130353483593	32.219035338854525	34.793146399862835	39.572857751132908	41.382596863414697	48.018223012795922	42.438401972003192
21.375000000000000	-1.0000000000000000	-1.0000000000000000	-1.0000000000000000	-1.0000000000000000	-1.0000000000000000	-1.0000000000000000	-1.0000000000000000	-1.0000000000000000	-1.0000000000000000	-1.0000000000000000	-1.0000000000000000	-1.0000000000000000	-1.0000000000000000	-1.0000000000000000	-1.0000000000000000	-1.0000000000000000	-1.0000000000000000	-1.0000000000000000	-1.0000000000000000	-1.0000000000000000	30.753918563397391	30.896853095340489	32.203001698502476	34.781453761504494	36.554345887665107	36.870975000997205	40.167410503938704	42.807729788131454
21.125000000000000	-1.0000000000000000	-1.0000000000000000	-1.0000000000000000	-1.0000000000000000	-1.0000000000000000	-1.0000000000000000	-1.0000000000000000	-1.0000000000000000	-1.0000000000000000	-1.0000000000000000	-1.0000000000000000	-1.0000000000000000	-1.0000000000000000	-1.0000000000000000	-1.0000000000000000	-1.0000000000000000	-1.0000000000000000	-1.0000000000000000	-1.0000000000000000	-1.0000000000000000	34.435983192560286	37.051651604192124	31.117682030815445	35.125454809754416	39.782789950336749	39.363742402079161	41.312164744340606	43.642497895054213
20.875000000000000	-1.0000000000000000	-1.0000000000000000	-1.0000000000000000	-1.0000000000000000	-1.0000000000000000	-1.0000000000000000	-1.0000000000000000	-1.0000000000000000	-1.0000000000000000	-1.0000000000000000	-1.0000000000000000	-1.0000000000000000	-1.0000000000000000	-1.0000000000000000	-1.0000000000000000	-1.0000000000000000	-1.0000000000000000	-1.0000000000000000	-1.0000000000000000	-1.0000000000000000	-1.0000000000000000	33.578059911212790	37.556515554942663	37.090728144708166	37.788745534211607	46.351005905964257	50.789669604068195	45.549756061418847
20.625000000000000	-1.0000000000000000	-1.0000000000000000	-1.0000000000000000	-1.0000000000000000	-1.0000000000000000	-1.0000000000000000	-1.0000000000000000	-1.0000000000000000	-1.0000000000000000	-1.0000000000000000	-1.0000000000000000	-1.0000000000000000	-1.0000000000000000	-1.0000000000000000	-1.0000000000000000	-1.0000000000000000	-1.0000000000000000	-1.0000000000000000	-1.0000000000000000	-1.0000000000000000	-1.0000000000000000	34.232427922611578	40.014993231274623	44.750415417856800	40.993768771418004	53.034114315749257	54.036718917698593	56.286521096831514
20.375000000000000	-1.0000000000000000	-1.0000000000000000	-1.0000000000000000	-1.0000000000000000	-1.0000000000000000	-1.0000000000000000	-1.0000000000000000	-1.0000000000000000	-1.0000000000000000	-1.0000000000000000	-1.0000000000000000	-1.0000000000000000	-1.0000000000000000	-1.0000000000000000	-1.0000000000000000	-1.0000000000000000	-1.0000000000000000	-1.0000000000000000	-1.0000000000000000	-1.0000000000000000	-1.0000000000000000	-1.0000000000000000	40.646350787361108	47.380470386406600	44.264281091835642	48.609996758420735	51.460613075195631	54.126295945691183
20.125000000000000	-1.0000000000000000	-1.0000000000000000	-1.0000000000000000	-1.0000000000000000	-1.0000000000000000	-1.0000000000000000	-1.0000000000000000	-1.0000000000000000	-1.0000000000000000	-1.0000000000000000	-1.0000000000000000	-1.0000000000000000	-1.0000000000000000	-1.0000000000000000	-1.0000000000000000	-1.0000000000000000	-1.0000000000000000	-1.0000000000000000	-1.0000000000000000	-1.0000000000000000	-1.0000000000000000	-1.0000000000000000	-1.0000000000000000	49.858768888676110	46.646386709907141	44.766584999320671	52.341036105890311	51.557183207761376
cpt:C=2, cpt:clim_prob=0.33333333333400000
	87.125000000000000	87.375000000000000	87.625000000000000	87.875000000000000	88.125000000000000	88.375000000000000	88.625000000000000	88.875000000000000	89.125000000000000	89.375000000000000	89.625000000000000	89.875000000000000	90.125000000000000	90.375000000000000	90.625000000000000	90.875000000000000	91.125000000000000	91.375000000000000	91.625000000000000	91.875000000000000	92.125000000000000	92.375000000000000	92.625000000000000	92.875000000000000	93.125000000000000	93.375000000000000	93.625000000000000	93.875000000000000
27.875000000000000	0.79871172350095776	0.76898773468142423	0.80356722800254232	0.80531489510159560	0.72604347964553995	0.57827911202798177	0.68336300642826231	0.80570151687081903	0.74515448890986136	0.80175411790295925	0.78308751358427031	0.77864028578853350	0.74249688473980768	0.70073695454556173	0.55522870266896973	0.61411422205151212	0.73068575652506240	0.56764476034014422	0.65133475001289298	0.57438048569653688	0.63198816234205424	0.51397160678074272	0.70398324739322504	0.63951302108246466	0.73390961593199222	0.80165729917520423	0.83335541622666653	0.82430997312177112
27.625000000000000	0.79900490970221938	0.79814173018568368	0.80336541837841935	0.79798568815831317	0.73419095144495117	0.74434660335765557	0.64369295180985375	0.80045685253699617	0.70612131002798506	0.81580841544345617	0.82852001769146000	0.79826414026620540	0.82103776740586198	0.73831924831809204	0.61878271793447936	0.47754230073540782	0.65923860469357010	0.51679143707508501	0.49677059675545365	0.60093472239000789	0.57971694070219826	0.59363930757456274	0.60786744319345587	0.70143446768132378	0.81038016276124836	0.84164793306099739	0.83519260162563569	0.82939075550046226
27.375000000000000	0.80302662756107424	0.80320049827614781	0.79119076430402657	0.80407048419893101	0.78944343308975107	0.71542319463613779	0.70502174716013144	0.78097412374275166	0.82016893715110939	0.82549307127774796	0.80448889780969779	0.78469909106497937	0.71836906543023815	0.66556108527028357	0.63653927806826971	0.51532293262442863	0.63573984266577099	0.67935374204428456	0.63768860945243944	0.62303457632891934	0.56414305666775988	0.75259975665497336	0.72101291443388504	0.74845981113189453	0.82998201399870908	0.84054471456052227	0.83477609009737819	0.83424742910937510
27.125000000000000	0.81093855902145151	0.80977812552194450	0.80372633777647451	0.78728204851464767	0.79709913911321451	0.81803061405185673	0.82598641007191276	0.77842588884442421	0.81728770520281557	0.80344321379168093	0.76656517753718134	0.83244117469784129	0.84198135245742378	0.83376721644629725	0.84218095342179566	0.83779914151367763	0.78917149772426853	0.80793420661294846	0.78610974114501886	0.78570224428794688	0.82444665870369249	0.75191191721890505	0.77280876710976543	0.78066782980693006	0.82127451739912516	0.83133506972838944	0.83663942222156606	0.82617280862784526
26.875000000000000	0.80389723269027513	0.80787497699133581	0.80926964050056682	0.80293455464961738	0.79674333820524623	0.81230994684419500	0.79523059790095374	0.75421407359529269	0.80114125816380977	0.79629900594713376	0.75906518124517675	0.82268874210413401	0.83509859953415599	0.83135934738297834	0.83320194431768613	0.79659317084018255	0.78157570759061912	0.75875525542845423	0.75225436189013806	0.79488266594694323	0.77786509140766213	0.78085549475790117	0.79659636395370370	0.75126985285376691	0.81630216631700847	0.78484762592678692	0.79587903226916268	0.81577315521806071
26.625000000000000	0.79291362379488106	0.79977793126932539	0.80855049998940842	0.78923024812159071	0.75120988603705996	0.77242799612989899	0.80339822346814316	0.82065126034796521	0.83505841036726736	0.83663070442578658	0.78743248009741507	0.83537384895779354	0.80844132667039759	0.81815217808300389	0.82952316037891904	0.81688087147232125	0.80489176537491147	0.79417800611479095	0.78996582533874005	0.78008669267110520	0.79240010703024666	0.78476862738069997	0.78132452210076053	0.76822934521618436	0.80754075917865720	0.81377354565542959	0.79769686095661996	0.78001297757920440
26.375000000000000	0.75045928685646146	0.80196556482749060	0.79329545184612016	0.80715758287712447	0.80513179980516725	0.81121260337859269	0.80939986127308572	0.81642650371968273	0.83034648119694054	0.82784355587930492	0.82869061679446077	0.80205872546837753	0.78192758254921557	0.77987631978851368	0.79868491463950164	0.80373860772986205	0.79725279069462829	0.75386445132774327	0.74048764573763037	0.69923422735178065	0.75349367228601238	0.69087869161278093	0.62148949681866839	0.65351579683492389	0.66325889892230805	0.69942593366455696	0.69828680074591887	0.69468275745695962
26.125000000000000	0.69412289717830333	0.79377464949600807	0.77965674225993808	0.78813832083444879	0.78944162506283533	0.78765550023484110	0.75087640579711490	0.74049901277578556	0.80040385946954729	0.82071658549320858	0.79720204106637027	0.74197986006402061	0.73204428826824142	0.76928665253423389	0.71579615201244451	0.75429365489831923	0.75658869797159412	0.72310468335305700	0.75129746182065560	0.72428120356863701	0.68655048317584999	0.57816268142009619	0.55081293015733479	0.51910559279264135	0.56567914972328026	0.68097405471576167	0.66287584465857208	0.72195814506129352
25.875000000000000	0.71773526363119799	0.69188656704187679	0.70084449167099194	0.71159902988915746	0.66808191594313371	0.71162039298224045	0.74377194290734394	0.75572669533654846	0.81030097056786587	0.78578026542946589	0.81728417355764549	0.63118701277709022	0.66174827390597102	0.70703997366445037	0.65727683540666249	0.69330984104601612	0.78024770581208713	0.78036304404098189	0.68994028463289681	0.56827714799746332	0.57079722499122454	0.59006011631203137	0.58373114338354526	0.59293224092098740	0.69839247403764659	0.71611778376298219	0.56286776178278330	0.68840166781244250
25.625000000000000	0.78296537812579459	0.78471810208172599	0.69733866089912055	0.73581787404015131	0.77964128817744438	0.72786247511102431	0.74691422021128062	0.80742266321753675	0.80132439450461135	0.78554706274420028	0.78645799078677214	0.60825849955465117	0.65805970925163138	0.76213923646297133	0.77031839125811530	0.72652367764428050	0.69402757608359877	0.53611915988476255	0.41701438788373935	0.46688942119212129	0.44475320281098618	0.57336945369625880	0.67599857889406678	0.64737385837851491	0.68634617664520192	0.76829051460384790	0.74757197218572458	0.72887096243721317
25.375000000000000	0.70335850393816202	0.70095978152743044	0.72268001292887618	0.78571413976455062	0.74478334987536243	0.74434126879907581	0.75823462357560345	0.74995734024339811	0.70654005057812697	0.68845799110955852	0.61951434737922284	0.55811224434035012	0.68555034939826953	0.66030278400504017	0.68176347346630450	0.63221487734736570	0.43934816864157256	0.39980370340542493	0.43454076778489537	0.45860262089719583	0.59395477476300584	0.55564047730872801	0.50862488049624233	0.55687917189284519	0.71696066530456903	0.78591949233431535	0.73596169229210773	0.69225525322056569
25.125000000000000	0.61810686858902386	0.65953213346968198	0.71676452689335690	0.70291674600358078	0.74858045522269379	0.71349872033735551	0.65838542944933920	0.51551840879933764	0.61795422531534427	0.65124676472659360	0.59805328732893770	0.53332368207063041	0.61911377652403132	0.56285320850584242	0.63301569419613202	0.53033123082650491	0.40913778634003961	0.43713029180240426	0.40656874310651858	0.42141054321626825	0.48049875347261661	0.51331722086317200	0.51906085439433980	0.65925122759803401	0.67906134545634700	0.73846561296520008	0.71083259466375637	0.56167178030278819
24.875000000000000	0.65797944948431564	0.68085542100352825	0.75074363068333128	0.66865368696196015	0.51352857504309668	0.46802813945953403	0.36451959211642304	0.35464935009621001	0.53408237400357450	0.49998312744557438	0.43896803526764927	0.45038446045145974	0.43036703428209933	0.39484433891085757	0.54401919440185509	0.50371165062919943	0.39368202564575938	0.43166616751236120	0.43790201545289165	0.41448900457322679	0.39638993928404886	0.50915755448799871	0.49538688212287241	0.44939540909699360	0.54567782072739135	0.60876446658703287	0.61898567586096931	0.55249181893148602
24.625000000000000	0.48456720946109044	0.60608638595337538	0.49661828293234578	0.49704212014205496	0.37128628880232384	0.34700552775703386	0.32198122293159770	0.30763298973727160	0.32346707219069515	0.32068023423970260	0.35634273044684051	0.32963158015317617	0.43907799349420884	0.39933703643529839	0.47446990102150721	0.45616150562733537	0.43522180313421188	0.40834485071077609	0.40914597559155652	0.25971394006893433	0.35184268496337268	0.38074263224292793	0.37771238949375174	0.38966618686106358	0.45066125622410880	0.41718816765884981	0.65731292287031806	0.57335986249817950
24.375000000000000	0.28525705293982639	0.27002259731429490	0.27269547323790277	0.28812482961693320	0.24881276460396862	0.20798001624349638	0.25606111608601623	0.19720813588651254	0.20963505701196539	0.21803467747010075	0.27773829846175602	0.29108817383485075	0.28677275092771026	0.37827017348436698	0.36028295533444066	0.41034309413885239	0.36242128160570530	0.29375935531341213	0.25451715077312542	0.35189295853970748	0.26970361736690052	0.31296784438050906	0.41223761161987227	0.33733788595515080	0.44619443567299300	0.50590509627407698	0.66853738612066138	0.66272666728512775
24.125000000000000	0.15226330054908033	0.21487163776238560	0.19479617227801782	0.18999883506826620	0.16727570392920654	0.13862961718373867	0.17204361388822065	0.15557635876537290	0.19647291655742549	0.19411450503761785	0.24781893826293810	0.30761369105597680	0.31230104035273598	0.32738892111085249	0.34763911566544436	0.32445698577927828	0.34300740832445342	0.31837740679370086	0.25939582747486156	0.26122589012773290	0.35332465445860350	0.35590528383248454	0.47254287219317348	0.49326816689045927	0.61586987648074398	0.64859592201329974	0.60102080660982438	0.70055038440149531
23.875000000000000	0.19605807260018082	0.21083327990973544	0.18440721787817438	0.12719464079631848	0.12471973456112551	0.14999324584681517	0.15776672621160515	0.16081683988318218	0.15088415278614775	0.18558783984714466	0.25934724131613507	0.30100618791232137	0.28424977584120370	0.29927962093128713	0.35215874151555226	0.27667074134670600	0.27203489953448923	0.26359292139730428	0.27301037937418471	0.23904821043451818	0.30275691754432899	0.35301368923802556	0.45152692365911662	0.54947075889457153	0.67979430212416503	0.75894411388419059	0.80101496343754519	0.77234073938299019
23.625000000000000	0.20422419695427152	0.20223918160714049	0.15699883769212875	0.14358027088994163	0.13620568861482241	0.14493230516936251	0.14606258509527947	0.13259316142512034	0.17392938685270565	0.16850564304075988	0.18083851992886935	0.34057626101485994	0.25795789823479254	0.28409421306380978	0.30507400001070550	0.23568477418433531	0.20598223438021535	0.28173713406374645	0.33151374104295428	0.36205840506977438	0.29888118040290124	0.29430929178784027	0.40876693018584831	0.54579689082918037	0.65754994939150890	0.74579130250012327	0.79576916585060076	0.77146677634407013
23.375000000000000	0.17367206624649612	0.16169653604080736	0.13685783019771236	0.17344527672115362	0.19268384349796008	0.17290706599764860	0.15150715375501989	0.15880810099760367	0.17423128336308480	0.23877990763071466	0.21125439514730715	0.20633917738736329	0.21311405296576424	0.24607758305266714	0.24982316891183132	0.29700920642505935	0.27818077524821661	0.31419060813757937	0.37896549857653383	0.36869915808561871	0.38817656821996138	0.45326434733412668	0.61694939887662770	0.60327590031207023	0.62802788597349490	0.78497469662852382	0.78167516289026651	0.66342669984976510
23.125000000000000	0.16210545462288906	0.10540942325616243	0.14896785070415319	0.16177240375765223	0.15302076244944374	0.14388406736919990	0.17532056297405063	0.20251915762295880	0.19750281196924391	0.17997978408436666	0.15340439821113705	0.17733202411341153	0.21810312558463352	0.24925854161585903	0.32869031835782891	0.34661435703719690	0.28096334384419208	0.31572055867239612	0.39886991433017727	0.45561103854241480	0.53967206904378884	0.65411183460126665	0.64993806276390842	0.69217257761046369	0.70709634859419168	0.78516083711921425	0.77777927361301380	0.82575815855123125
22.875000000000000	0.12876674768165230	0.11343765965676766	0.11632338392176678	0.12719451899236844	0.13385035471063134	0.24327511509574151	0.27273420162384809	0.28628110577251675	0.20742727144180151	0.14487556238631782	0.17073224967677447	0.21890200657615821	0.21305076081806362	0.33782015391200559	0.41344712215052937	0.40298996776668616	0.32958150670867781	0.45260536364922643	0.44398894580380954	0.56052348236602256	0.65132669929427323	0.62772043840527658	0.61612085581414533	0.66166525599111026	0.75604613842580193	0.82642229721287208	0.82378546177468337	0.82337310500542316
22.625000000000000	9.7352519614332778E-002	0.11661145629942382	0.11423746068025764	0.14353014193876845	0.14369284123615955	0.16968430531167655	0.23257516349106311	0.24882422496362722	0.18653889923815825	0.17771346845900382	0.18507372190011040	0.25157804192171795	0.30843276357269644	0.33515553717518287	0.53797236021577532	0.49535610864137425	0.60274896263949529	0.60901833246677484	0.55746219794369267	0.66903248823305717	0.66856991843920355	0.60064164198404058	0.63836254434923489	0.70534942920608046	0.77940741988933837	0.83438761231153791	0.83087727379894716	0.83191178794120191
22.375000000000000	0.12240183001671312	0.15387422075842494	0.11899702581354177	0.12788545608981394	0.16913881816391552	0.20595432002382097	0.17232901367344766	0.18083089815033304	0.19430436060791578	0.19552510227603648	0.22125427333371306	0.23176368077551501	0.41055836471650764	0.56034498952698186	0.61178343900796506	0.64123808797130266	0.60699303141949201	0.67168715307670368	0.65197113855923305	0.69014402095073990	0.62546818971773632	0.63028826080763167	0.62676952885615833	0.70710455708316999	0.76645905411635340	0.83731024921298314	0.83573402378417683	0.83349575504332307
22.125000000000000	0.10460892511206055	0.12845498835550018	0.16023705283706136	0.17244141793379697	0.16423073446604519	0.17904663372617335	0.17198770507594929	0.19682445313085850	0.20415736394571127	0.23190869155965288	0.27742915774690857	0.33018910858501727	0.52666864285612291	0.58318958218160333	0.66578516177919767	0.58467469371549896	0.61291796708779600	-1.0000000000000000	-1.0000000000000000	0.65269704190012590	0.59338249199781501	0.63282996455912155	0.69266831691837183	0.74773833416701052	0.79210544742025490	0.83710124747815939	0.83787764975692625	0.83433231179188994
21.875000000000000	0.12824934016170175	0.14968050683266654	0.19167954150417188	0.20877132124310549	0.19535955246665537	0.21963192826274280	0.18546328884541197	0.21632817122427639	0.22090248137486412	0.24092420611175669	0.27679061732374066	0.28576372795839688	0.50282215469158587	0.62390990888498266	0.59168085490669853	-1.0000000000000000	-1.0000000000000000	-1.0000000000000000	-1.0000000000000000	0.67808231340097791	0.72245645358964339	0.70534212444295008	0.76581166056443806	0.82050391229637398	0.83020711555115412	0.83961739178598549	0.80358851539794074	0.84075691049494594
21.625000000000000	0.17180707648910243	0.21657268776158389	0.20486712475276647	-1.0000000000000000	0.19598570153945616	0.19673004527287219	0.19754261176809962	0.20476451118724981	0.22378705405316168	-1.0000000000000000	-1.0000000000000000	-1.0000000000000000	-1.0000000000000000	-1.0000000000000000	-1.0000000000000000	-1.0000000000000000	-1.0000000000000000	-1.0000000000000000	-1.0000000000000000	0.74158334846394780	0.70651212780187223	0.73642447202684025	0.75867552575891750	0.78351279461793411	0.81719377378384905	0.82646349930551821	0.83849532823524697	0.83207713273494477
21.375000000000000	-1.0000000000000000	-1.0000000000000000	-1.0000000000000000	-1.0000000000000000	-1.0000000000000000	-1.0000000000000000	-1.0000000000000000	-1.0000000000000000	-1.0000000000000000	-1.0000000000000000	-1.0000000000000000	-1.0000000000000000	-1.0000000000000000	-1.0000000000000000	-1.0000000000000000	-1.0000000000000000	-1.0000000000000000	-1.0000000000000000	-1.0000000000000000	-1.0000000000000000	0.73609649685565159	0.73977064927113645	0.75619457064355800	0.78030903148578545	0.79388872428929602	0.80535671388335572	0.82062169549714525	0.83459601957434160
21.125000000000000	-1.0000000000000000	-1.0000000000000000	-1.0000000000000000	-1.0000000000000000	-1.0000000000000000	-1.0000000000000000	-1.0000000000000000	-1.0000000000000000	-1.0000000000000000	-1.0000000000000000	-1.0000000000000000	-1.0000000000000000	-1.0000000000000000	-1.0000000000000000	-1.0000000000000000	-1.0000000000000000	-1.0000000000000000	-1.0000000000000000	-1.0000000000000000	-1.0000000000000000	0.77540587378527448	0.79095646187172974	0.73882005093742009	0.77714796725403801	0.81549012781041341	0.81689235519477421	0.82115973061114289	0.83258331738152691
20.875000000000000	-1.0000000000000000	-1.0000000000000000	-1.0000000000000000	-1.0000000000000000	-1.0000000000000000	-1.0000000000000000	-1.0000000000000000	-1.0000000000000000	-1.0000000000000000	-1.0000000000000000	-1.0000000000000000	-1.0000000000000000	-1.0000000000000000	-1.0000000000000000	-1.0000000000000000	-1.0000000000000000	-1.0000000000000000	-1.0000000000000000	-1.0000000000000000	-1.0000000000000000	-1.0000000000000000	0.75904246022662392	0.79485082129605189	0.79219810807088464	0.80245682949615826	0.83565297823507478	0.83795874917982616	0.83981555440179534
20.625000000000000	-1.0000000000000000	-1.0000000000000000	-1.0000000000000000	-1.0000000000000000	-1.0000000000000000	-1.0000000000000000	-1.0000000000000000	-1.0000000000000000	-1.0000000000000000	-1.0000000000000000	-1.0000000000000000	-1.0000000000000000	-1.0000000000000000	-1.0000000000000000	-1.0000000000000000	-1.0000000000000000	-1.0000000000000000	-1.0000000000000000	-1.0000000000000000	-1.0000000000000000	-1.0000000000000000	0.76823990394019859	0.81280965171244191	0.83156602734005958	0.81937139505306078	0.83068300452203658	0.83011189437445410	0.82408897474448395
20.375000000000000	-1.0000000000000000	-1.0000000000000000	-1.0000000000000000	-1.0000000000000000	-1.0000000000000000	-1.0000000000000000	-1.0000000000000000	-1.0000000000000000	-1.0000000000000000	-1.0000000000000000	-1.0000000000000000	-1.0000000000000000	-1.0000000000000000	-1.0000000000000000	-1.0000000000000000	-1.0000000000000000	-1.0000000000000000	-1.0000000000000000	-1.0000000000000000	-1.0000000000000000	-1.0000000000000000	-1.0000000000000000	0.81525831232696788	0.83333173911502456	0.82759878316469582	0.83413268564139997	0.83547033142254179	0.82991422772257550
20.125000000000000	-1.0000000000000000	-1.0000000000000000	-1.0000000000000000	-1.0000000000000000	-1.0000000000000000	-1.0000000000000000	-1.0000000000000000	-1.0000000000000000	-1.0000000000000000	-1.0000000000000000	-1.0000000000000000	-1.0000000000000000	-1.0000000000000000	-1.0000000000000000	-1.0000000000000000	-1.0000000000000000	-1.0000000000000000	-1.0000000000000000	-1.0000000000000000	-1.0000000000000000	-1.0000000000000000	-1.0000000000000000	-1.0000000000000000	0.83537116408852086	0.83493352867611748	0.83306846271855761	0.83626756649788803	0.83844605617319701
cpt:C=3, cpt:clim_prob=0.33333333333299997
	87.125000000000000	87.375000000000000	87.625000000000000	87.875000000000000	88.125000000000000	88.375000000000000	88.625000000000000	88.875000000000000	89.125000000000000	89.375000000000000	89.625000000000000	89.875000000000000	90.125000000000000	90.375000000000000	90.625000000000000	90.875000000000000	91.125000000000000	91.375000000000000	91.625000000000000	91.875000000000000	92.125000000000000	92.375000000000000	92.625000000000000	92.875000000000000	93.125000000000000	93.375000000000000	93.625000000000000	93.875000000000000
27.875000000000000	54.849587686196287	63.116881641040870	55.821998316410706	49.407031423532700	33.655453477907635	22.074471687303575	29.391759507678184	41.896267349259830	33.520054359828180	41.290121987041616	62.034723584706008	63.178436260611463	67.720798594570198	71.657729820491340	80.864566128672806	77.986094383061356	69.916474176207572	80.641779946076426	75.801103367843723	80.317176768165382	76.954422466318888	83.253316632185729	73.588457469472715	76.217749938063406	69.571091028485426	61.872391802554304	51.299582483981496	48.276343599073826
27.625000000000000	57.052680139048647	57.843206012185291	45.381914068787708	44.358725980970789	35.522320323393544	35.077248259250176	25.627286992950154	43.482504680834914	29.901034017537686	45.474524685369495	52.631898790837347	61.897364760954865	61.699789822281325	70.826644405008182	78.384965858172734	85.062415352412202	75.450070603172975	83.064213366422806	83.882931230739800	78.550535840664679	80.261821485582786	79.146674966494984	78.586848819580652	72.586682329271895	60.837835150102990	51.387343989567022	48.254239128060362	49.278019492657087
27.375000000000000	56.117185702571504	46.260826254669460	58.353606882063879	53.188327191167303	42.754139715052723	30.375038381264748	29.508747350237645	38.053709291306873	43.403578745963465	54.568168617432320	59.380336807315693	64.659587038589422	71.718182614956774	74.756747591281965	77.344024328511580	83.084612375461646	76.665028009065068	73.771513301216629	76.506947759770711	77.375325318845583	80.282306370380525	66.888784710818385	70.527158003848285	68.694780780315000	56.494278014418221	49.293074032938144	52.473340017945191	52.657900426945922
27.125000000000000	50.864053868881584	49.716629587312930	52.303035010191536	41.682981130095584	42.445356255720299	48.434073147941888	48.394754625307286	37.557988268930274	43.365802450432589	41.288483422431831	36.129837548925927	52.282368743353999	51.679465262711290	48.083392221023693	50.703627122484171	53.348848110962791	64.112867576139976	60.562505051760219	63.883323249923230	64.428195880333121	57.773314020475006	67.883553833522271	65.733771965549167	64.794514811601957	57.676339717212080	53.675497240681615	53.564046972847933	56.402339194712923
26.875000000000000	53.603303938167571	48.085373849159964	51.385914764412675	42.941863798655675	40.627136450107379	44.720537740622994	39.724209534122423	34.289415835956540	41.017239023937520	39.061728437241278	35.575811074044509	44.220722797141534	47.233571976377789	47.396134691598924	48.315436250950370	63.175628132168661	64.907561451117488	67.145127475208753	67.796174268286336	63.558302006738032	65.247989520790568	64.850957663411208	62.715866888206875	68.607186652603971	59.308679886941448	64.753621423104320	63.211613735426674	59.347695955835398
26.625000000000000	56.399028549939267	56.604761702758836	53.036281869828358	40.549793586005393	35.307405855853268	37.552423723032682	41.648304076610899	47.835496637457567	47.949987992890911	49.784256667485685	38.222817717111774	50.999280078072154	58.679261058874332	59.515054571191897	56.772294335328780	59.051756075734914	60.955084840243302	62.790140133249615	63.734275191596893	64.904887840533561	63.287707219060110	64.047073634642814	64.785745006811084	67.144060517825338	61.888678208950900	60.330564676108899	62.195859866001278	64.112204646765434
26.375000000000000	63.655030488228469	55.695332539047925	57.674708601079018	52.560944539262955	44.423718335256126	49.675042860574955	53.774961652076961	55.391402279709723	46.161625652407508	44.177800473420049	48.602638942167950	60.082260886590369	64.722899305012334	64.702857062421870	61.412116079637613	60.988770016848193	62.319040248705669	67.598578379711768	68.715270209387654	72.724243349223542	68.642353442452858	73.182178413749867	77.723248169665482	75.874475048042996	75.499190304282322	72.687602921481428	72.219670870018888	72.953414206725142
26.125000000000000	69.835795773483952	57.258126361452753	61.709565643954768	60.088077334765529	58.404385973318050	59.237064079972548	65.257601223978440	66.922952938957252	59.367533746523094	56.714996735276813	61.589500447653677	67.795553349825937	69.680745729782529	65.551699815373922	71.395829959654549	67.990543903691417	66.598135702455735	70.137575763131068	67.455709181904496	70.123511758048991	73.416449969287072	80.091793625650325	81.535334964697299	83.278883031009698	80.598348817880321	73.814050735321814	75.104362657436496	70.991106681755852
25.875000000000000	68.888875721112058	71.204687473728697	70.116302532927207	68.942295120902969	73.003060445880166	69.878437119819864	65.926154617150317	66.031337877549461	59.503878828562165	64.121923097736698	60.708717144769373	76.460468448070557	75.328890507708579	71.843936370752971	75.386679581444852	73.079099880559099	64.904488220620266	64.889676263183389	73.142355849946597	80.475768921218290	80.517623944516032	79.521566608867516	79.626828827953986	78.941996500958879	71.972798544246032	70.870979140439701	80.889186603456096	73.046081709735816
25.625000000000000	61.612033965252408	61.969482880265659	70.637541163913383	67.467026159699444	62.783274089172657	67.930522724608423	66.720724960221361	59.622365171318314	61.407913396924549	64.424593535634301	65.004853850773685	78.609164209782151	75.786717992591775	66.841356160164452	66.088124154125481	70.859520770130374	73.759470758446241	82.469485419236605	87.484521446896352	85.164078091190049	86.058237444677175	79.776659216661443	73.450494353546162	75.252066547006152	72.151247340446417	65.514799982138101	67.717001158391071	69.423080924138930
25.375000000000000	71.194183508865279	69.831388556293689	69.291335759074244	62.580503218094371	67.229803384334446	67.481856939050843	65.605161098836234	68.022531098034108	72.337592991162182	73.725297013568294	78.261501156703744	81.640319632856944	74.172964254790060	75.494246449367481	74.481177924772396	77.131515254336946	86.611775011844983	87.982689131107733	86.439228771528832	85.536247452089924	78.739210649507470	80.717395680197242	82.845376240831015	80.344774972548109	69.606867371048622	62.378193994804491	68.250621892825720	72.098158354383585
25.125000000000000	76.970263081357103	73.614497293131137	68.696759846554059	69.842480744516536	66.057503703344082	70.062471212679228	74.858773829650914	83.222586846700196	78.264318409379641	76.436568577798283	79.434347979657801	82.593253978726594	78.100400463410622	81.067455119603920	76.740122747241386	82.306032103233022	87.590262467870417	86.348704219958890	87.506128567366332	86.697249433235754	84.196045107504503	82.457814218259969	82.866928180127360	74.184806739338157	73.015707027658891	66.831347756572399	69.636262270896609	80.173850315441555
24.875000000000000	74.140864861653114	72.462843433483059	65.861937374512109	72.871268180456468	82.420002925149916	84.694565100174572	89.094892747085510	89.671912600250380	82.543145096570754	84.046760834356377	86.464549224683012	85.607562041868903	86.335743908937118	88.351127496612321	81.847593992471332	83.332223532807930	88.092421253698035	86.626783934875235	86.333009720451130	87.533338725047841	88.035887959319240	83.111337453587609	83.335205093452657	85.681673487698731	80.803362593129606	76.623604027001889	75.839852198553757	80.352687621242808
24.625000000000000	83.555372009092920	77.798246114570745	83.447608922212808	83.369613396835035	88.724017682629565	89.641469217284595	90.680184049652595	91.238123308015844	90.708874808340795	90.709199816633586	89.019571683707539	90.130380619966331	86.198813871094899	88.209750722130210	84.875588314135442	85.481608027116181	86.150086218217609	87.285408742206556	87.406920323823286	93.001382226116306	89.420836505802441	88.189559250592026	88.304365251655994	88.023744865227314	85.400292331119829	86.440574872103468	73.534073469312958	78.872711918571170
24.375000000000000	91.781697189707174	92.516652566927149	92.570801532032007	92.120635905129930	93.236341746784262	94.417283949992964	92.798778473213986	94.744984848472825	94.266865199722901	93.883835304804791	91.923136717322549	91.725442715418694	91.932886453255122	88.768097229792389	89.296040652007591	87.296836010082345	89.351747639476173	91.612958339380370	93.015962464790363	89.712338101413380	92.595035009891319	90.760945105967309	86.882678733480617	89.649098983985482	85.376228781670847	82.401495759192585	72.586408808055651	73.714916529809258
24.125000000000000	96.185174898627750	94.486592558585897	95.037974300086802	95.021978416755914	95.654635010953442	96.534842941999315	95.526699649459943	96.099076136115158	94.840402771650844	94.794218305117738	93.298234478630761	91.222057334069078	91.085335953784167	90.521384627626347	89.637172842267915	90.411127556360100	90.002483851692986	90.819771159971225	92.935999868622815	92.960510506546598	89.633569249704465	89.060359035578884	84.308802733547864	83.043052589514971	76.499956732815207	74.504735893796223	77.819007113038865	70.728939711569453
23.875000000000000	94.862792602504115	94.592172057232801	95.497431064142418	96.876442967639605	96.944275672491941	96.178204159122103	95.980521623703211	95.926544855129393	96.295694259569046	95.246860359584204	92.969451317616858	91.657145416175908	92.047796393557590	91.477581539935301	89.389551656613662	92.078070017678726	92.321602064331472	92.704348807486497	92.485357003784785	93.533249310698352	91.218391018029692	89.350386304333810	85.054402688868720	79.910200942350826	71.280042420546536	63.369721314271551	56.255144724887948	62.876155844883066
23.625000000000000	94.732070011349677	94.752369432614813	96.251372025659009	96.565222290013423	96.682074968579016	96.387262195040492	96.374320290869548	96.714675811922689	95.601478462351935	95.727662405582976	95.314357077450595	90.012965965979674	92.854958730626421	91.879121327338140	91.051704205229171	93.627954944730064	94.600610730960952	92.007331383534307	90.255996542269287	88.937484626919186	91.475283876620466	91.667294255385386	87.005358043120367	80.559115210861989	73.632022947363566	66.679788707070713	58.226350167908848	64.050198425718079
23.375000000000000	95.601568334346354	96.028198889616917	96.776968166340737	95.711517885790471	95.125768450337745	95.631010055246762	96.182660945248372	96.001370998248149	95.576141180452979	93.519059744081773	94.333792378226192	94.366660517460815	94.214274871865513	93.014059762953849	92.888077821365002	91.507990125325946	92.255271222408197	90.641780635980311	88.321547686434471	88.469565778629701	87.660208800376822	84.928075004184905	76.814932687207801	77.427958468636504	75.956034687429920	62.121639715763379	62.404355164435785	74.383479448902264
23.125000000000000	95.874238035863144	97.484150586288749	96.307829942709176	95.905587047114679	96.142093959933362	96.384317849200173	95.442601129774999	94.568876038846071	94.654558879435243	95.156409711017460	96.006683205630324	95.267734028790088	94.056612413748624	92.906330648419072	90.098386460900088	89.389011508971521	91.912366129784090	90.672089834913152	87.451997661728512	85.050692424840662	80.883456042927861	74.258384751963717	74.770954661112228	72.042194188724949	70.640682543420894	62.075543184547044	63.744815611174779	56.692149484802421
22.875000000000000	96.813899262174687	97.222006729677020	97.143453817049036	96.813809371265791	96.595475118477054	93.321687047541118	92.175351235214634	91.743532505062220	94.339985964282675	96.302398964130191	95.481453638916719	94.017134234136392	94.090762422364747	89.764449562656552	86.752809459098899	87.067000787882705	89.953194679201886	85.376474938317443	85.657442526154398	80.064861610072825	74.699357731720767	76.416092903524287	77.286181189577732	74.200577176553395	66.555748032745427	55.149043386154737	46.799110788623892	47.623867031765649
22.625000000000000	97.545850146052601	97.077582818567095	97.179944754845764	96.325256189797315	96.373420408679578	95.664002474103370	93.499481335676606	92.838232192649656	95.106208286300202	95.282674334284991	94.904723287610508	92.820985531203419	90.878510978026725	89.840905359298944	81.205479718954351	83.054247157921893	77.408217972116816	77.235651659186757	80.542928514225295	73.832456329136093	73.963678172614948	78.229058816958684	76.313341833023145	71.144644816255848	64.652098288400651	54.422384376138091	44.521045125744060	56.582908422415620
22.375000000000000	96.887389050701884	96.044002635400275	96.876598203388568	96.662302464943423	95.610797755049745	94.406540464698352	95.399213349965066	95.082046360506638	94.721425381189007	94.597350880783765	93.685091315681362	93.419397242451041	86.937229054676450	80.092122262055327	77.045148898381086	75.147750500196125	77.545403901306301	73.558610152794941	74.783517884808305	72.549908099418019	76.750799704313550	76.599153960542665	76.785463770129709	71.337324622208158	66.530393538322159	55.751011565233746	46.367731509079761	52.514167821978177
22.125000000000000	97.381195832239371	96.648485312864580	95.770004969700153	95.436012391651431	95.701739836670740	95.134649453188175	95.333963956929395	94.676250072230133	94.450232348770328	93.549520034973071	91.885266093002642	90.081757547015727	82.260277480602227	79.245418080112984	74.021664959641569	78.744227824692942	77.370422870269522	-1.0000000000000000	-1.0000000000000000	75.029548727200876	78.640041254806775	76.305133295451128	72.519978805857221	68.621037077936947	64.179767369150923	54.528708725727768	53.015013020629063	52.103599773163410
21.875000000000000	96.697196159632043	96.117474687456181	94.903300371507797	94.362701479714531	94.765158875069190	93.879785361186890	95.010491912129496	94.051832270766553	93.960021432222490	93.088837385705986	91.973126025651439	91.666505045834640	83.261276177854498	76.732494916236917	78.613166740327671	-1.0000000000000000	-1.0000000000000000	-1.0000000000000000	-1.0000000000000000	73.390415888470486	69.696318099357129	71.470578609038739	66.411850619437104	59.238004241356037	57.166152247353374	52.350407889954994	40.208587851243053	53.195668555636288
21.625000000000000	95.278931649789953	93.854572386474260	94.428713314546584	-1.0000000000000000	94.651394386541057	94.622635624530460	94.706500021938083	94.381319889153474	93.710252735990650	-1.0000000000000000	-1.0000000000000000	-1.0000000000000000	-1.0000000000000000	-1.0000000000000000	-1.0000000000000000	-1.0000000000000000	-1.0000000000000000	-1.0000000000000000	-1.0000000000000000	67.998394986741900	71.057269608850675	68.666445174489567	67.022289135386558	64.423340805519231	59.609948475083243	57.790939637279784	51.143281658968831	56.729520895261864
21.375000000000000	-1.0000000000000000	-1.0000000000000000	-1.0000000000000000	-1.0000000000000000	-1.0000000000000000	-1.0000000000000000	-1.0000000000000000	-1.0000000000000000	-1.0000000000000000	-1.0000000000000000	-1.0000000000000000	-1.0000000000000000	-1.0000000000000000	-1.0000000000000000	-1.0000000000000000	-1.0000000000000000	-1.0000000000000000	-1.0000000000000000	-1.0000000000000000	-1.0000000000000000	68.509984939746957	68.363376255388374	67.040803730853966	64.438237207009720	62.651765388045597	62.323668285119439	59.011967800564150	56.357674192294205
21.125000000000000	-1.0000000000000000	-1.0000000000000000	-1.0000000000000000	-1.0000000000000000	-1.0000000000000000	-1.0000000000000000	-1.0000000000000000	-1.0000000000000000	-1.0000000000000000	-1.0000000000000000	-1.0000000000000000	-1.0000000000000000	-1.0000000000000000	-1.0000000000000000	-1.0000000000000000	-1.0000000000000000	-1.0000000000000000	-1.0000000000000000	-1.0000000000000000	-1.0000000000000000	64.788610933654439	62.157391933936147	68.143497918247135	64.097397222991546	59.401719921852838	59.819365242726064	57.866675525048251	55.524918787564260
20.875000000000000	-1.0000000000000000	-1.0000000000000000	-1.0000000000000000	-1.0000000000000000	-1.0000000000000000	-1.0000000000000000	-1.0000000000000000	-1.0000000000000000	-1.0000000000000000	-1.0000000000000000	-1.0000000000000000	-1.0000000000000000	-1.0000000000000000	-1.0000000000000000	-1.0000000000000000	-1.0000000000000000	-1.0000000000000000	-1.0000000000000000	-1.0000000000000000	-1.0000000000000000	-1.0000000000000000	65.662897628560586	61.648633623761285	62.117073747220950	61.408797636292235	52.813341115800668	48.372371646751979	53.610428384179357
20.625000000000000	-1.0000000000000000	-1.0000000000000000	-1.0000000000000000	-1.0000000000000000	-1.0000000000000000	-1.0000000000000000	-1.0000000000000000	-1.0000000000000000	-1.0000000000000000	-1.0000000000000000	-1.0000000000000000	-1.0000000000000000	-1.0000000000000000	-1.0000000000000000	-1.0000000000000000	-1.0000000000000000	-1.0000000000000000	-1.0000000000000000	-1.0000000000000000	-1.0000000000000000	-1.0000000000000000	64.999332173448224	59.172197117012935	54.418018554803140	58.186859833528935	46.135202679728707	45.133169187926953	42.889389928424002
20.375000000000000	-1.0000000000000000	-1.0000000000000000	-1.0000000000000000	-1.0000000000000000	-1.0000000000000000	-1.0000000000000000	-1.0000000000000000	-1.0000000000000000	-1.0000000000000000	-1.0000000000000000	-1.0000000000000000	-1.0000000000000000	-1.0000000000000000	-1.0000000000000000	-1.0000000000000000	-1.0000000000000000	-1.0000000000000000	-1.0000000000000000	-1.0000000000000000	-1.0000000000000000	-1.0000000000000000	-1.0000000000000000	58.538390900311924	51.786197874478376	54.908120124999662	50.555870555937865	47.703916593381827	45.043789826586242
20.125000000000000	-1.0000000000000000	-1.0000000000000000	-1.0000000000000000	-1.0000000000000000	-1.0000000000000000	-1.0000000000000000	-1.0000000000000000	-1.0000000000000000	-1.0000000000000000	-1.0000000000000000	-1.0000000000000000	-1.0000000000000000	-1.0000000000000000	-1.0000000000000000	-1.0000000000000000	-1.0000000000000000	-1.0000000000000000	-1.0000000000000000	-1.0000000000000000	-1.0000000000000000	-1.0000000000000000	-1.0000000000000000	-1.0000000000000000	49.305859947235369	52.518679761416742	54.400346537960772	46.822696327611801	47.604370736065427
