xmlns:cpt=http://iri.columbia.edu/CPT/v10/
cpt:field=prcp, cpt:T=2019-06/09, cpt:nrow=32, cpt:ncol=28, cpt:row=Y, cpt:col=X, cpt:units=mm/day, cpt:missing=-999.00000000000000              
	87.125000000000000	87.375000000000000	87.625000000000000	87.875000000000000	88.125000000000000	88.375000000000000	88.625000000000000	88.875000000000000	89.125000000000000	89.375000000000000	89.625000000000000	89.875000000000000	90.125000000000000	90.375000000000000	90.625000000000000	90.875000000000000	91.125000000000000	91.375000000000000	91.625000000000000	91.875000000000000	92.125000000000000	92.375000000000000	92.625000000000000	92.875000000000000	93.125000000000000	93.375000000000000	93.625000000000000	93.875000000000000
27.875000000000000	1090.5549287842102	946.79258665606744	945.39128967663726	1013.8263665053931	1043.1100320626192	860.09900760674623	702.87312374791168	549.55349298860062	395.76653276939908	422.53999419558011	349.88839314607861	303.44114528917032	232.00298493399359	147.86220778608680	110.96647303310272	139.07410693576628	206.14974433398518	201.12213120849265	135.55212755317251	104.34977101331590	144.34413340461137	217.81951037070522	296.07229615837514	433.43125218586005	657.20410858555874	877.53645745667802	1035.6095247256715	1124.6297968504387
27.625000000000000	1421.6781663698814	1351.4051222231553	1224.3501016147529	1187.8260783085143	1179.5743739815052	956.18651747869842	742.76585022276186	449.66783376997478	412.01533757349381	466.25316252164885	442.57527441914630	451.70767495357768	313.00816400554044	215.08229609072646	184.47382177249102	231.01248481807903	278.95949945393261	266.59671833670649	277.41462242754574	232.91961053149589	232.03616280703125	316.01749804633198	416.75210379164366	624.48803607064951	794.12655431006351	738.72483468132964	969.17590584841673	1147.4287436175696
27.375000000000000	1270.7487386710136	1300.4101511904485	1379.1953473521698	1261.6710402916940	1182.8720583702366	1159.3502767723851	974.62770575620334	647.15943442665321	663.94777178366041	591.95970675736896	558.63997137514571	509.17218909942261	450.47028509141182	354.30011796431870	338.48364365394292	284.12430075734233	357.61118683052132	361.66405073688077	387.22397190160063	277.71980367915683	277.58384422080366	379.48527857905657	585.63902496389062	825.68928299548838	897.24032629216504	864.87596888337259	1131.6923379673249	1530.9965063877492
27.125000000000000	903.68031674016243	945.14121422676203	1117.6708443194534	1325.4812052745510	1474.6587700080304	1612.8201293722457	1549.5840813842385	1386.8740728851094	1207.7821280483126	1032.3330336514528	915.09420669663541	858.62107775640595	880.04106761172864	808.06290216570585	763.47374566528356	703.61265451268207	705.20063418998745	678.67951908689793	528.21220307110684	467.05391671798918	533.70416887049657	679.87007284505023	996.45911696250869	1200.3439611078138	1161.0198387488313	1177.5589374123522	1333.0683867240289	1692.4703551999919
26.875000000000000	1265.4764082412455	1083.8597523009153	1393.0136543759420	1474.2507476878445	1798.2226525338092	2006.6343466456451	2034.9933736175155	2030.3578846162904	2051.5630980116671	1848.9598139350592	1673.7009146087887	1679.4734304143622	1643.1674886435774	1668.9005616405821	1536.4417460500786	1397.7242917142084	1336.2952961299886	1208.8808638261353	1142.1126234376582	1072.7176785593583	1113.6350222082378	1278.1161260895410	1369.3665251279328	1415.3095394540453	1434.0874951539713	1420.4801207386133	1386.6029968287089	1482.3120373300676
26.625000000000000	1407.0654249330205	1492.9155086570181	1805.8987013750934	1799.5959828018224	1797.6675320155748	2114.2101880669784	2300.2958512951559	2358.6155729537513	2421.8704529548668	2368.4346609705995	2309.6687580534635	2404.3179254520728	2305.6793835437634	2195.9251650679698	1942.7975303347703	1787.4949879975420	1584.6654326879827	1497.8924934493875	1318.5320917366055	1154.0530127739453	1202.8202536277968	1299.0640426143937	1249.1702357564689	1251.0997927141159	1317.7917529629226	1262.0238749238670	1318.1848033576771	1433.5636129232216
26.375000000000000	1381.1763622318358	1482.9819263766258	1612.2430666578912	1755.1961336280360	1849.1437575963957	1988.1194599449375	2217.9139816948750	2223.9499506780921	2310.4423852433192	2437.5585495032688	2369.1670709597938	2305.2070774340896	2272.1023735456542	2108.1765376775083	1858.8268664949740	1621.3729262684212	1385.3289310561775	1199.4954695988697	1170.3797022838987	1184.8595901935992	1185.7248669228170	1191.1054077868673	1197.0148853954247	1240.5660402504641	1225.0271223904983	1249.4176285301298	1340.7016636227586	1541.6305890981398
26.125000000000000	1276.0385576341150	1343.7522424735957	1492.2282811051634	1623.4378366211724	1763.2508197003319	1852.2254362427168	1924.6269392927950	1984.1891702752596	2177.9478555874480	2327.3362246591646	2262.9305535318017	2177.3300890214718	2134.4786096705329	2030.3353728238853	1854.1848466722599	1725.2092314886249	1470.9242843175775	1245.6616027491702	1102.8876574049327	1279.2845346421846	1338.0126036956162	1294.3092429915096	1290.4180603420828	1276.9439891269460	1237.1653101438674	1221.5677943691294	1340.7253254491111	1562.9143206228939
25.875000000000000	1225.0718871178308	1262.2311755471524	1320.6532742748720	1446.6664550397143	1495.3441473313894	1570.8837963618864	1593.3599543152429	1718.3096148308423	1844.5190061677847	1918.4240104584801	1984.2769680482543	1910.7084423884494	1958.1938801098145	2012.5952116790397	1950.6949282225116	1908.6073864523241	1823.9212756345125	1696.6892181787350	1606.5491957340378	1610.7972249479315	1530.9250184300872	1469.0400601408874	1400.5757387888298	1262.4095864670298	1019.9138803330210	1114.9872234524969	1377.2150767388162	1522.2054669570130
25.625000000000000	1131.8811578943591	1210.3151993811794	1282.2892325829425	1317.3251520532940	1323.6026645011884	1357.4794661692774	1299.6304225090857	1447.1171162327987	1521.2867054002324	1612.6164389878008	1729.1485768620646	1927.2057239801602	2232.5151792260385	2230.1636072401293	2134.1276007502011	2238.8680972738248	2278.4192635319846	2253.3622812220328	2101.1687265102801	1658.5460920219957	1632.5056662391794	1581.8256472212597	1472.7097350444487	1273.0531864447130	1003.0884909856616	1087.7051275769213	1219.4862265252805	1253.3081251491640
25.375000000000000	1054.7527853730221	1129.1542899816779	1181.8498785443790	1211.4468041360501	1222.6563823810434	1219.2952485323117	1254.2670018889798	1337.9813181022937	1404.2506157624534	1391.4294369092954	1528.0200328773265	1752.6568331209478	2165.0329587000965	2264.3310174821049	2199.9129865826180	2392.7464036095221	2671.9199277920998	2813.2207629075374	2730.2222117568449	2262.4089420289379	2063.3541121128683	1934.7630245280777	1630.0889832228929	1393.9936206817410	1255.7813368211559	1108.7580598261388	1013.7401319214780	954.33472590471320
25.125000000000000	963.28531709778417	1109.2618515262661	1177.6568628013144	1199.6845872908136	1100.4250631802659	1145.6160073749461	1192.4573102094394	1272.4267565899936	1289.0503792146678	1343.3212773491937	1423.7630693924580	1585.4606958388490	1756.3839645837793	1962.0736461013930	2130.9823646377363	2455.9490152542653	2823.7014168459100	3073.9215914432871	3259.2095716865665	3081.6569486583899	2593.9370445135164	2181.4724066916501	1830.1062199555254	1474.5786334617735	1270.0120645381012	1143.0108673979119	923.43040904819611	821.23895041622382
24.875000000000000	1087.4903876420803	1133.7423961751520	1199.8528069382828	1156.1298545000961	1091.1259793249592	1092.6195825979530	1107.9348052880753	1168.4285547161649	1225.1303511758647	1282.0625990013641	1370.9791422657413	1459.2877716194139	1544.7162296802223	1712.1156995978934	1939.6255336308441	2128.6444826644974	2315.1445872541221	2594.6502580806487	2939.3876491145520	2998.1701017148403	2446.3372952091386	2022.5916237782158	1899.2211525435757	1803.5411568907596	1546.7157185738890	1200.3612557006961	931.54765597399171	808.73729219783138
24.625000000000000	1164.8232503857603	1176.0841489578359	1163.3715084578389	1153.8082584732847	1142.6917114411945	1133.5569848344844	1114.8629741023474	1131.3293136839068	1164.7075437823216	1195.8596253049877	1241.7715653087134	1344.4549054671052	1454.8839822005245	1613.6559205184094	1693.5465878463169	1771.3780387802522	1855.1781261651270	1971.3010291519115	2112.0264345341557	2266.8536630841841	2027.2706877021110	1915.0312067719244	1803.3205861273784	1747.5073480785218	1532.7121108938491	1202.2118344154464	950.65395429368698	844.42555063366126
24.375000000000000	1104.5817017859806	1154.8952074383608	1113.2916667190739	1121.7265061668372	1115.5690267907191	1108.4682363465531	1070.8671843716879	1132.3847734419369	1141.7312466548624	1144.1305683252676	1159.0102755105065	1241.2698798942340	1339.7461255749624	1406.5948393026906	1420.4570724621196	1481.7173333970550	1571.3834579888321	1649.5204263063488	1606.0670677820747	1674.9529652712206	1791.7663664127729	1962.0477058773456	1884.0123597122126	1748.1465527195460	1436.3960922476169	1203.4076782275997	995.07657680645605	964.61968131838762
24.125000000000000	1063.9687090602320	1079.9372982655609	1094.3230853162652	1095.5809697511299	1046.2765541393612	1066.8230079160476	1104.5969440861070	1132.4424651798695	1112.6348647220652	1122.6427609905268	1129.8067960558610	1158.7811088638462	1203.1819347825658	1261.2415382366748	1253.9463209681048	1256.3807845630377	1380.5492767903334	1589.3012191294542	1632.4224511972780	1735.4467211001938	1873.6423695592594	1995.6308791560900	1963.6197364760706	1704.4644872142298	1370.8475783534318	1147.6027043678309	1046.9062568779018	1113.7879483191455
23.875000000000000	1075.2272907785657	1082.2293992805537	1082.9574994505808	1049.0866788333078	1033.9020173755023	1054.9922844597472	1107.0295813273303	1148.9539001601865	1125.6173894522801	1104.7107413308358	1153.5951271199165	1180.0475288304403	1225.8363746499913	1255.6584760960473	1266.6501509180641	1268.6711884812132	1325.4878960037308	1549.8132704865864	1731.8868479472098	1853.8169713264972	1984.0673558660060	1973.5439698041096	1700.1641280109206	1502.8832227681489	1247.7375487647480	1076.8864467267606	1095.5836624633303	1197.8280177357578
23.625000000000000	1104.2334327684421	1125.9519284241192	1053.7178378822673	1040.1023649889069	1047.5290919217009	1065.5788408622534	1102.4870663520264	1134.8435382401185	1139.1187388194489	1169.7017984614399	1142.3696527458776	1162.4506460417238	1209.2725999463860	1284.8922900656783	1367.8348048055007	1379.5199740670412	1398.4823483993844	1568.0014840825470	1782.4422129909892	1877.6394583726924	1933.4710000074992	1805.9426360266420	1529.4462382280203	1334.2213477465127	1110.6628218293001	1013.5950635763945	1132.9402211292372	1233.4256996670294
23.375000000000000	1093.9731044505111	1134.9870607430437	1058.2812379402289	1019.9434969603039	1069.9816746328452	1055.9943978345627	1110.6515513413333	1164.3792035704794	1161.7056978989394	1161.8275413715055	1175.0775448722125	1168.0649524384764	1188.7755639376710	1266.9214644828539	1353.7319022027480	1363.6701702506230	1414.1818497381198	1608.4339228327024	1796.9409192824071	1891.6608226529081	1987.0002825584281	1890.9948692577211	1662.5039822952726	1417.0231195771898	1129.0485366446323	1031.1983639457412	1153.1578963259085	1243.8007417321758
23.125000000000000	1085.6385375436585	1094.0416433397040	1045.7544832108936	1088.2427330372614	1126.8341686463591	1104.3452560318290	1156.6099993645385	1187.3262221790003	1169.5667559089025	1178.0800534089992	1173.3447045764317	1152.1607457483422	1200.3921601633358	1302.2273980945263	1451.6095785688278	1576.3123367788889	1695.7280390993324	1801.7235366168604	1884.4661985034054	1900.9946172879149	1978.1854351822217	1921.4285750201079	1781.5752055543840	1584.6596029604152	1271.9382722985119	1163.5080778763827	1186.6664150704264	1261.1578064587920
22.875000000000000	1151.0237176233256	1134.8103378560079	1127.2584200724589	1201.5918520877176	1209.5840460346262	1207.7647812166351	1181.8853573907868	1165.0625753132153	1167.4366007166520	1170.3491612055293	1198.7784725229562	1214.0384468873110	1259.2693546513065	1409.5339799259114	1593.5554646370631	1891.0739808646458	2133.9152432958626	2046.2577666605612	2018.1265756429309	1971.2918006508164	1932.4669147682766	1904.3756799982127	1840.0782326016904	1639.5947021518384	1332.3270141005275	1207.3366961262552	1148.6031097902212	1311.3096507920736
22.625000000000000	1155.1801537650515	1179.8408796403216	1214.2787502988297	1265.9199068939888	1307.2225612954808	1309.6426487221306	1270.9091395574010	1243.5298588460537	1256.8611816842313	1223.0553269771644	1235.3166301149249	1295.2591580613159	1373.1228097874850	1505.5616331263484	1753.8799953805494	2031.4304434137018	2222.9650992431079	2217.8757316473084	2085.0565308199475	2051.9927983279458	1921.8022207160500	1899.2827831132772	1887.3428275652282	1618.8280495714237	1286.1303682767398	1387.0193279492535	1573.4886229100591	1417.9595767876494
22.375000000000000	1218.9416710969313	1139.0087642006335	1179.2971970368776	1218.0449162959039	1315.6520857533460	1325.4055817332110	1330.3510002995029	1337.0007145221214	1357.7775427094962	1345.4877079212449	1365.7471010557633	1393.5813215286689	1532.3727431693999	1779.7695034316091	2016.5295707051396	2194.1828592662150	2237.8315931580669	2161.7725129827713	2148.9574934287939	2075.4519843165353	1936.3404717274962	1940.2901650463234	1936.6889541800649	1586.9004803669782	1224.2202426240706	1357.0648390208794	1558.9159983819800	1351.9702757896534
22.125000000000000	1245.2215309792948	1196.9805169905910	1242.0067373987304	1235.9051464166896	1252.5958798681575	1324.6112673750054	1394.1101334215582	1398.6421186333032	1408.2582706260978	1371.6375455974774	1392.9421178165053	1454.6512458584593	1657.5138847713388	1941.5603283248579	2175.6287176240244	2236.5431658092393	2275.0042392393793	-999.00000000000000	-999.00000000000000	2109.0769625874350	1984.4041225692208	1965.8357665117355	1899.7435728600951	1671.9041266114477	1328.9543480154609	1415.3610816731682	1563.2522767146463	1325.2067054838087
21.875000000000000	1255.3285769882052	1251.5019015206319	1315.7689745921532	1332.5643598533115	1329.0959164823337	1357.8259843295721	1378.8741588615198	1396.0698412635770	1395.5903327203778	1392.2033149601405	1410.0320969551321	1423.5220054082417	2500.9690730081143	2365.5898207780128	2105.8982843072899	-999.00000000000000	-999.00000000000000	-999.00000000000000	-999.00000000000000	2202.2108326145526	2111.0379735523916	2099.0865529384755	1996.1385250262565	1835.7750861946140	1643.7022951690319	1616.4127001530792	1660.6525045098263	1429.5921583328359
21.625000000000000	1229.7767779656158	1249.8863137776029	1321.7425762197449	-999.00000000000000	1311.1802833676302	1332.4740170460057	1351.7038602507521	1365.5244873854770	1359.9737921586038	-999.00000000000000	-999.00000000000000	-999.00000000000000	-999.00000000000000	-999.00000000000000	-999.00000000000000	-999.00000000000000	-999.00000000000000	-999.00000000000000	-999.00000000000000	2427.7887996994787	2481.5738928268943	2378.0178846671452	2325.9502179843666	2150.1188708259829	1758.9337115855399	1665.1095861242879	1714.3267158356091	1557.3229216876232
21.375000000000000	-999.00000000000000	-999.00000000000000	-999.00000000000000	-999.00000000000000	-999.00000000000000	-999.00000000000000	-999.00000000000000	-999.00000000000000	-999.00000000000000	-999.00000000000000	-999.00000000000000	-999.00000000000000	-999.00000000000000	-999.00000000000000	-999.00000000000000	-999.00000000000000	-999.00000000000000	-999.00000000000000	-999.00000000000000	-999.00000000000000	2794.1808048021085	2758.2455975702733	2648.7228471578101	2428.6426697776224	2012.6066973809543	1890.9761316077379	1767.3697300362014	1709.2076587500987
21.125000000000000	-999.00000000000000	-999.00000000000000	-999.00000000000000	-999.00000000000000	-999.00000000000000	-999.00000000000000	-999.00000000000000	-999.00000000000000	-999.00000000000000	-999.00000000000000	-999.00000000000000	-999.00000000000000	-999.00000000000000	-999.00000000000000	-999.00000000000000	-999.00000000000000	-999.00000000000000	-999.00000000000000	-999.00000000000000	-999.00000000000000	2947.2942678207064	2911.4424768365570	2820.7554817292162	2660.9312142062136	2324.5521442819563	2094.6342572497606	1899.5484103278400	1802.9098343635437
20.875000000000000	-999.00000000000000	-999.00000000000000	-999.00000000000000	-999.00000000000000	-999.00000000000000	-999.00000000000000	-999.00000000000000	-999.00000000000000	-999.00000000000000	-999.00000000000000	-999.00000000000000	-999.00000000000000	-999.00000000000000	-999.00000000000000	-999.00000000000000	-999.00000000000000	-999.00000000000000	-999.00000000000000	-999.00000000000000	-999.00000000000000	-999.00000000000000	3060.0507248028848	2950.1250002052052	2704.7414331462010	2480.6279973996939	2327.7132084714149	1979.0387625593999	1696.0964857081437
20.625000000000000	-999.00000000000000	-999.00000000000000	-999.00000000000000	-999.00000000000000	-999.00000000000000	-999.00000000000000	-999.00000000000000	-999.00000000000000	-999.00000000000000	-999.00000000000000	-999.00000000000000	-999.00000000000000	-999.00000000000000	-999.00000000000000	-999.00000000000000	-999.00000000000000	-999.00000000000000	-999.00000000000000	-999.00000000000000	-999.00000000000000	-999.00000000000000	3313.8134643469853	3146.5659460425049	3013.3656868425232	2738.4771180413873	2452.3410893667369	2216.5400823336167	1861.9359363871281
20.375000000000000	-999.00000000000000	-999.00000000000000	-999.00000000000000	-999.00000000000000	-999.00000000000000	-999.00000000000000	-999.00000000000000	-999.00000000000000	-999.00000000000000	-999.00000000000000	-999.00000000000000	-999.00000000000000	-999.00000000000000	-999.00000000000000	-999.00000000000000	-999.00000000000000	-999.00000000000000	-999.00000000000000	-999.00000000000000	-999.00000000000000	-999.00000000000000	-999.00000000000000	3198.9210427919375	3131.1396375724880	3056.3412472731770	2893.0038216221069	2622.2499185846664	2246.9356373164283
20.125000000000000	-999.00000000000000	-999.00000000000000	-999.00000000000000	-999.00000000000000	-999.00000000000000	-999.00000000000000	-999.00000000000000	-999.00000000000000	-999.00000000000000	-999.00000000000000	-999.00000000000000	-999.00000000000000	-999.00000000000000	-999.00000000000000	-999.00000000000000	-999.00000000000000	-999.00000000000000	-999.00000000000000	-999.00000000000000	-999.00000000000000	-999.00000000000000	-999.00000000000000	-999.00000000000000	3320.2466353259460	3283.6798827678117	3229.0843077204954	3062.6430121253579	2695.7307401125649
