xmlns:cpt=http://iri.columbia.edu/CPT/v10/
cpt:ncats=3
cpt:field=prcp, cpt:C=1, cpt:clim_prob=0.33333333333300003, cpt:T=2019-06/09, cpt:nrow=32, cpt:ncol=28, cpt:row=Y, cpt:col=X, cpt:units=probability (%), cpt:missing=-1.0000000000000000              
	87.125000000000000	87.375000000000000	87.625000000000000	87.875000000000000	88.125000000000000	88.375000000000000	88.625000000000000	88.875000000000000	89.125000000000000	89.375000000000000	89.625000000000000	89.875000000000000	90.125000000000000	90.375000000000000	90.625000000000000	90.875000000000000	91.125000000000000	91.375000000000000	91.625000000000000	91.875000000000000	92.125000000000000	92.375000000000000	92.625000000000000	92.875000000000000	93.125000000000000	93.375000000000000	93.625000000000000	93.875000000000000
27.875000000000000	36.756866023141875	36.727706017729474	36.426335735002802	36.033405238251035	36.547252063523850	36.107083905737355	36.009323534374026	34.839650658717090	35.614836319209360	35.420067722674403	35.627176565181998	35.762216867662005	35.381666355091369	35.044508780154814	34.164371058992288	34.805830528620049	34.099380362500042	33.849417578171256	34.371239640293865	34.942782874060313	34.790392323106019	33.855969110303477	35.331214536153752	34.786564116887092	35.009522497714784	34.396597315523337	34.716750821960105	34.739542616872626
27.625000000000000	37.563562648866331	37.721385650080343	37.221103627395522	36.469428463267015	36.394708193756621	36.842615649659962	36.291297179862411	35.666624905719218	33.965976517566574	34.141976787267552	34.554265642018223	33.967851131929478	34.525519954504830	34.624999164948960	34.895852295041593	35.131188344869670	33.677655593252453	34.315171698871112	34.008459897207473	34.965744762928793	34.917703320023236	34.427247185001633	35.173166850844396	35.868485387144375	35.563792956789825	35.283558193918509	34.863241331982820	33.999786164649876
27.375000000000000	37.479631560127700	37.535217568064219	37.516049606930522	36.782542896215034	36.441661516236280	35.997904309456203	35.783209253904545	34.955261557128111	34.502408519980591	35.396926903471538	34.290043343981580	33.715263461720227	33.634094542418921	33.910735846937754	34.644854400201382	34.802931569460043	36.289439032734741	36.211714388845763	35.383603410775237	35.458302085421451	34.448630088471958	34.174968983554493	34.374210402094292	35.154319720164693	35.203378265432946	34.220416336385213	34.219421624497500	33.231253865985451
27.125000000000000	37.588404824309585	37.537472823527509	37.470384779535181	36.818235024925286	36.500167829257670	36.073334842721970	35.370122309743920	35.482325836314104	35.185353701301509	34.897201022863271	34.846597961384134	34.644554893518432	35.092558867590057	35.755984288976123	36.538282013651269	37.023540505259625	37.494202791981635	36.552648055939386	35.383213164377935	34.596196440959730	34.254924162885018	34.164117571057574	34.074512112511684	34.764172979269631	35.042235021974506	34.829449309988775	34.076305500485887	33.128537704806647
26.875000000000000	37.611085191134897	37.742160465090649	37.497256166858925	37.187575315137764	36.894746849960491	36.033826549250577	35.972232434787827	35.573512258117532	35.046627856816315	36.027600216032660	35.025769279998372	35.734811927051453	35.633868231362143	36.547263480719117	37.051066271508780	36.686765259246101	36.259439310825201	36.309680355268846	34.768142109954141	34.103981687675528	34.232824721877961	34.597467394233789	35.569275986179150	36.194551032579703	35.699943684924989	34.822944606643929	33.949710932498391	34.127378427576360
26.625000000000000	37.630393500938439	37.143788447701368	36.899563781757827	37.091852324889508	37.211473814187812	37.440140563874060	37.095740554537251	36.864143107857331	37.074909538487802	37.067471057329591	36.983688669155846	37.360722823480486	37.444153068751461	36.943995077862347	36.955785535338300	36.785391917958918	36.745444487623672	36.253454552140887	35.943466907938102	35.737102640460819	34.718105348001288	35.607680108997130	35.683382379718708	36.126528069636812	36.079900182862566	35.394214718476462	34.698392640109191	34.329101538923595
26.375000000000000	37.584118064360396	37.788632007411508	37.238632121566084	37.457583770418054	37.663584308975892	38.056150574532936	37.890383771292150	37.456194606971202	37.469642453571851	37.504112455714456	37.553335157376644	37.546816484290183	37.685933956884909	37.239433096777709	37.003679623354515	36.083659774526836	35.796961652086239	35.880836727710758	35.753456459521999	35.438497302656998	35.231507944401557	35.441857201594388	35.008265255900028	35.655562407197579	36.304060627370319	35.433008026717474	34.640239607469255	34.160010084419270
26.125000000000000	37.068086229550687	37.180562708133557	37.377926460774447	37.558437986359053	37.385614538296565	37.324886182948802	37.545690960789244	37.301342310935581	37.213191782720060	36.994675639566154	37.052089952847126	36.838108385601601	37.250151058718963	37.051252234819778	36.641127610323984	35.722861780620136	36.144584487574164	35.584890292858134	35.427963856920059	35.168225766272741	34.882771606594105	34.852778248748791	35.289549226049772	35.852421903596948	35.521871167734332	34.972329686213783	34.425453821241177	34.477247753663974
25.875000000000000	36.968528050341263	37.023440225027379	37.334471994482698	37.551694050275472	37.854756821394467	37.861285991564287	38.349651570371449	38.287946466510625	38.016899002374686	37.962517729348491	37.714588905310094	37.404100848171964	38.070194292818258	37.724548812578071	36.531394320338407	35.642064420909776	36.126414314986746	35.820697223416929	35.232827948086992	35.160771146467411	35.222100634860681	35.464102024065028	36.057910947451703	36.320096007696847	36.215633688614290	35.136374345631410	34.798749456066744	33.512999018858665
25.625000000000000	37.234224987629716	37.269708422538514	37.824842869277518	38.141206156356120	38.507353781478372	38.561660392095476	39.082060189196831	38.902825680443584	38.124806397347335	37.642639451751812	37.698315104612547	37.235374968925349	37.064220529259508	37.013649166021203	36.773943577226767	36.236544485801225	36.142054036250649	36.225889081081284	36.257140220300045	36.165317807015597	35.737644943301206	37.196597616243210	36.507434596566526	35.679051745029682	36.162824042297572	35.805106565644294	34.549876602488737	33.906103477963740
25.375000000000000	37.468107531233265	37.659417503855330	38.048449942759220	38.338576826855864	38.609980074909124	38.627908993524130	39.058262436041744	39.178434554542818	38.666531096486509	38.396498628609301	37.520460636068250	37.363501584598382	37.233970688660158	37.468128702972315	37.028975619020066	36.482338373345826	35.949362883855770	35.401424976838641	35.313663401331397	36.283259757762345	36.465241534334794	36.234247829284818	37.284020849341189	36.505864575322548	35.419456725970633	35.186315281788367	35.360608479387395	35.382583046376894
25.125000000000000	37.594350789038899	38.580549930042388	38.647737074188917	38.924631656827536	39.267693277804518	39.447327894846282	39.248166148739230	39.299007340276425	38.811265330597443	38.473060586327065	38.132830425666100	38.419996964301504	37.866850614543111	37.348436831504472	36.925900955987714	36.816335794196476	36.280497549076628	35.707707008047890	35.416994674257808	35.541606659951256	37.178820053245623	36.978879091631555	36.495346945177197	36.351027701251645	35.632446518380448	35.191298205421020	36.059132020581174	35.584037108549538
24.875000000000000	38.162760411463616	38.792252128526584	39.692904408567962	39.368313147828538	39.777398299252397	39.440843182633635	39.227349947302436	39.190304738577986	38.988709320180767	38.988121330094508	39.047713147859241	38.557186853286737	38.476786874003153	37.674309590873470	37.094521059778728	36.498350752896158	36.256858150547103	36.588219436062488	37.199832999569438	37.336404580776048	37.403397674518210	36.785063929784599	36.214240861741146	36.176373910997370	35.533842070358531	34.962975526062550	35.303416807850269	34.972725513636007
24.625000000000000	38.564073752553718	39.780922484289569	40.105411399891992	39.889289572889666	39.814762858393912	39.596944897321109	39.581435530179007	39.268402707401151	39.143626001507414	39.108552732885492	38.387987269125709	39.143175725553817	38.354507733553000	37.952612846615743	37.495363725892048	37.103848469171162	37.262614914615597	37.188574764139126	37.073487798761960	37.836699932024629	38.029979815148664	37.149623168559657	36.495601855151627	35.464181517041240	35.302594764077739	35.486567044901804	35.390532783061147	34.366136819209132
24.375000000000000	38.837010295649485	39.417330724351288	40.042424281478297	39.827789851485662	39.725596053883493	39.804344612901055	39.618458497660868	39.523330757679197	39.412936151125379	38.896651237708603	38.832139568703219	38.926981254634299	38.847866257024563	39.050148724209741	38.032046875357906	37.269993468276276	37.743432528287769	38.115397149188809	37.493128369810094	37.627082455936048	36.885550687808120	36.996478502854437	37.354220692987816	36.662635078557059	36.419263404826353	36.311974894035536	35.326973711146081	33.981404672886171
24.125000000000000	38.488652011822211	38.972116561769667	39.589939207913339	39.434403898995953	39.369645110632675	39.743469953626700	39.818696879676260	39.482237972813486	38.745577484304881	38.679486036888235	38.903446128910403	38.745504814145512	38.972179699768027	39.185250629417524	38.626112582625581	38.191862259797674	37.830889613172644	37.411195978928880	37.188118675203363	37.253905417239011	36.604112791342111	37.252471631768792	37.737706403757528	36.619111913011992	36.735901655983504	36.390367444022885	35.513503620037156	34.588673058050617
23.875000000000000	37.922472986130316	38.050258404063840	37.903791568446152	38.380134931975419	39.250261325116831	39.359556233649549	39.304029205265920	39.007743070373891	38.192871938506933	38.519507874202965	39.304863949187421	39.041240712512604	38.924935846162526	39.324028044256465	39.076576528000665	38.567946688002230	38.392426496929801	38.066399337367194	37.673835434884936	37.864139994493883	36.971650976229775	36.235651160867100	35.925634261440436	35.757390591474390	36.081373061414922	36.228105490192952	36.222492489946220	35.353926447859905
23.625000000000000	37.911803603666904	37.437097932102226	37.281143179846921	38.302663828563240	38.883225744372815	39.048733232235698	38.772182149341539	38.814769465231102	38.109879052660474	38.614233413572599	38.809753398448144	39.048196249779068	39.277854790345337	39.637540057699347	39.334232397962055	39.226176450586280	38.773686278924124	38.277215269786261	38.140356996769519	37.846389920311530	37.572025013830967	36.832814465931719	36.245255977658950	35.302173924745063	35.550315813979040	35.988008031621192	35.755751065252994	34.731978248543129
23.375000000000000	36.301455440733008	36.476431249038320	36.915246020990807	37.358475307405278	37.988515225986895	38.757987878195621	38.757384851909002	37.886420476247309	38.356284465022924	38.769388284460163	38.637244954706439	39.676808864424352	39.723798986138405	39.552810313178540	39.355106236358651	38.486596431224562	38.815334035460978	38.590628952917925	38.663534444345139	38.077187986570650	37.818033077416558	37.261875073245264	36.196164185478821	35.612905743609829	36.103867227175158	35.487139305540552	34.705334306731189	33.917850625056516
23.125000000000000	36.637936444475507	36.900641598498026	36.654077901205540	37.008907415539085	37.623587265082492	37.980998009413149	37.887912012249856	38.416503246493036	38.693245369134658	39.222959130329627	39.021459286553927	39.733096292461958	40.166412281328576	40.122722240935182	39.914008985159825	39.756726264507279	39.700442880009177	39.131146036362253	38.811269017102148	37.973176320098403	37.780639504660215	38.017218990645809	36.998867356756840	35.668028267557219	36.246082440731577	34.925486591442919	33.502318775988456	34.272890417379159
22.875000000000000	36.349272852823944	36.274685665299721	36.554198673408123	37.319322493621996	37.285266501172146	37.224365991298328	38.112742688814592	38.410310896456345	38.684141979344908	38.812757552628455	39.054246632347358	39.369891133350862	40.197808756754540	40.176606182634892	40.134743834700039	40.133249782050981	39.754692951796869	39.268528156620540	38.911675815414704	38.543262295606539	38.058290734840952	37.901404354205503	37.372455984313291	36.599113474838141	36.100608613257592	35.105649310789602	34.455826908745919	32.730627593196076
22.625000000000000	35.736866107622404	36.004144697419527	36.185157542247318	36.696888673549125	36.882260505851818	37.418791560176601	37.830831440792601	39.267304176419806	39.248924451569003	38.701951072937987	38.824740663087312	38.891993321835351	39.806588249403731	40.117286648727791	40.046274636893372	39.520312092166535	39.339443000975180	39.034939365699472	38.980501688630675	38.701334543129782	38.330899945111675	37.666415243226425	37.980396311969720	36.837294188874559	35.809762337193234	34.823773943664065	35.094818768589107	33.291924069324409
22.375000000000000	35.670044861340671	36.080925602024848	36.128287944300027	36.247859192966523	36.737366896358758	36.877016838391974	37.792094723708992	38.699890357924602	38.865081719762330	38.641279551136535	38.990328296407142	39.433508423245158	39.744576553244436	39.549328750897942	39.504757716169571	39.112483849717584	38.575800151387398	38.560824432689913	38.242566015130322	38.370736659042649	37.743855379924881	36.983366138761134	37.406780785909021	36.896620063913545	35.487161278281150	34.035594944904020	33.827106012534912	33.194402850465039
22.125000000000000	35.299015528770525	35.980907226245478	35.661293290515744	36.353807229003856	36.917137485437458	37.577520956448417	38.370047628182427	38.782423827412984	38.472365465129840	38.763998395053989	38.846192035976600	39.180641421199610	39.259524409072476	38.797170368413823	38.850586382167116	37.839805488511978	37.620558903837285	-1.0000000000000000	-1.0000000000000000	37.816362243782251	37.300722587073288	37.264341853137161	36.632855445880111	36.374571967556982	34.517650215365094	33.699277100069565	32.483608991430202	32.573320579431424
21.875000000000000	34.814716543900630	35.277067980698845	35.183033658006764	36.423404322719200	37.200181948501523	37.769347472667292	38.139795528215735	38.308711078502157	37.869234708670916	37.859885590970080	38.243968425760855	38.532402050694017	37.804810757382889	38.260482683211947	38.217175607965494	-1.0000000000000000	-1.0000000000000000	-1.0000000000000000	-1.0000000000000000	37.083286982615803	37.392200740111448	36.939460066024445	36.448525695583477	33.308146051887434	32.040448176431838	32.240973480057292	32.458319577995468	31.121568605425239
21.625000000000000	34.181211612211555	34.796072887427854	35.106017945291228	-1.0000000000000000	36.379547608953956	36.509114323043754	37.099957740251611	37.380986344004775	37.642610641950334	-1.0000000000000000	-1.0000000000000000	-1.0000000000000000	-1.0000000000000000	-1.0000000000000000	-1.0000000000000000	-1.0000000000000000	-1.0000000000000000	-1.0000000000000000	-1.0000000000000000	36.676031145784172	37.369640743196797	36.863085199550483	33.699893598438990	31.931207450625095	31.371061157912152	31.632531141280239	31.756344593309890	30.591829740607793
21.375000000000000	-1.0000000000000000	-1.0000000000000000	-1.0000000000000000	-1.0000000000000000	-1.0000000000000000	-1.0000000000000000	-1.0000000000000000	-1.0000000000000000	-1.0000000000000000	-1.0000000000000000	-1.0000000000000000	-1.0000000000000000	-1.0000000000000000	-1.0000000000000000	-1.0000000000000000	-1.0000000000000000	-1.0000000000000000	-1.0000000000000000	-1.0000000000000000	-1.0000000000000000	34.303740831575908	33.116633703509564	31.584973344603924	31.983374443791476	30.972632760875712	30.549481825577047	29.566309837426672	29.785108099407239
21.125000000000000	-1.0000000000000000	-1.0000000000000000	-1.0000000000000000	-1.0000000000000000	-1.0000000000000000	-1.0000000000000000	-1.0000000000000000	-1.0000000000000000	-1.0000000000000000	-1.0000000000000000	-1.0000000000000000	-1.0000000000000000	-1.0000000000000000	-1.0000000000000000	-1.0000000000000000	-1.0000000000000000	-1.0000000000000000	-1.0000000000000000	-1.0000000000000000	-1.0000000000000000	32.982648597712029	31.329809577781575	30.584929507783571	30.541793822453428	30.818439795548613	29.643150395395438	29.123445032792986	29.211626146230117
20.875000000000000	-1.0000000000000000	-1.0000000000000000	-1.0000000000000000	-1.0000000000000000	-1.0000000000000000	-1.0000000000000000	-1.0000000000000000	-1.0000000000000000	-1.0000000000000000	-1.0000000000000000	-1.0000000000000000	-1.0000000000000000	-1.0000000000000000	-1.0000000000000000	-1.0000000000000000	-1.0000000000000000	-1.0000000000000000	-1.0000000000000000	-1.0000000000000000	-1.0000000000000000	-1.0000000000000000	31.174225592619095	30.843956476415045	30.582833838252981	30.493378030660764	29.702164299042551	29.444512828837574	29.374152557657624
20.625000000000000	-1.0000000000000000	-1.0000000000000000	-1.0000000000000000	-1.0000000000000000	-1.0000000000000000	-1.0000000000000000	-1.0000000000000000	-1.0000000000000000	-1.0000000000000000	-1.0000000000000000	-1.0000000000000000	-1.0000000000000000	-1.0000000000000000	-1.0000000000000000	-1.0000000000000000	-1.0000000000000000	-1.0000000000000000	-1.0000000000000000	-1.0000000000000000	-1.0000000000000000	-1.0000000000000000	31.650066172773435	30.994289817877146	30.314254411410559	29.811922387800195	30.270267539850735	29.438639145517271	29.130780697339247
20.375000000000000	-1.0000000000000000	-1.0000000000000000	-1.0000000000000000	-1.0000000000000000	-1.0000000000000000	-1.0000000000000000	-1.0000000000000000	-1.0000000000000000	-1.0000000000000000	-1.0000000000000000	-1.0000000000000000	-1.0000000000000000	-1.0000000000000000	-1.0000000000000000	-1.0000000000000000	-1.0000000000000000	-1.0000000000000000	-1.0000000000000000	-1.0000000000000000	-1.0000000000000000	-1.0000000000000000	-1.0000000000000000	31.065419012221284	30.320216265077775	30.087596157792461	30.175667384197553	29.580007534695014	29.312192887260153
20.125000000000000	-1.0000000000000000	-1.0000000000000000	-1.0000000000000000	-1.0000000000000000	-1.0000000000000000	-1.0000000000000000	-1.0000000000000000	-1.0000000000000000	-1.0000000000000000	-1.0000000000000000	-1.0000000000000000	-1.0000000000000000	-1.0000000000000000	-1.0000000000000000	-1.0000000000000000	-1.0000000000000000	-1.0000000000000000	-1.0000000000000000	-1.0000000000000000	-1.0000000000000000	-1.0000000000000000	-1.0000000000000000	-1.0000000000000000	30.234423636285186	30.499821637252907	29.549763480539454	29.033716027644331	29.509424962716153
cpt:C=2, cpt:clim_prob=0.33333333333400000
	87.125000000000000	87.375000000000000	87.625000000000000	87.875000000000000	88.125000000000000	88.375000000000000	88.625000000000000	88.875000000000000	89.125000000000000	89.375000000000000	89.625000000000000	89.875000000000000	90.125000000000000	90.375000000000000	90.625000000000000	90.875000000000000	91.125000000000000	91.375000000000000	91.625000000000000	91.875000000000000	92.125000000000000	92.375000000000000	92.625000000000000	92.875000000000000	93.125000000000000	93.375000000000000	93.625000000000000	93.875000000000000
27.875000000000000	30.591477451206693	30.655875425299264	30.655390629612498	31.442484031407361	31.233870047627541	31.605356908928080	31.960404618753167	31.695527460804463	31.918490087879533	32.246951058255618	31.920449844780279	31.764857574613657	31.491618597282020	31.873508959663980	31.886297738784648	31.659705542005213	31.282332560337679	31.494675419925500	31.146300076296086	30.944952245523247	31.419610836493334	32.412393487547604	32.378234729780417	31.985987866057108	31.918625874794657	32.358656635522145	32.514112366264769	32.336048614118837
27.625000000000000	30.213895673873914	30.291018713023707	30.272816659015945	31.022502581067002	31.359404225362553	30.879506691834990	30.607037942914040	30.353328795489148	30.812870999858660	30.879831880512668	31.275224700412537	31.128623816491249	30.661036862780563	30.803596039275405	30.701805529539655	30.632097590872718	30.829983533170669	30.936244337108484	31.008744036394368	30.922656904521396	31.269178035143256	31.695912241352318	31.947344323504367	31.332157382223194	31.327733665119503	32.062192324000691	32.506152264287856	32.350593033094235
27.375000000000000	30.350569662636502	30.245706708929582	30.106664301348587	30.953926991746954	30.903013672461789	30.689534227533670	30.048113196274102	30.358156796484700	30.580755688737703	30.406834651620528	31.109165379121855	31.203826628135388	31.047346501084881	31.193967909937811	30.890264252791070	30.697753158793681	30.222200529676073	30.360258087650884	30.283396717726035	30.771028014551270	31.989826352838151	32.516422861659109	33.202192684136655	32.623194686363703	31.755831912954221	31.513786833254017	31.654039411451876	31.618997516179277
27.125000000000000	31.120076340113357	31.178514374329840	30.728271704899779	30.878483868689493	31.047743572661304	30.945211357894820	31.052767094617927	30.341652829128137	31.051167946428670	30.646634409959383	30.638965164471941	30.862746892442381	30.764191383703363	30.785951183505027	30.948267239862204	30.706315004625722	30.528197041007846	31.035442463423642	31.091802322490011	31.149874431743036	32.176519839220767	32.688188060752722	32.667643481651204	32.239607454240691	31.715831203220198	31.478758638350463	31.988288794949085	31.606537594703966
26.875000000000000	31.330721835080887	31.027989670301434	31.065383143197153	30.644022536334042	30.602718123424985	30.601564742457541	30.626176942621044	30.676203362185305	30.925794208200877	30.468180879540952	30.943538565215029	31.289346619600593	30.917880049010407	30.799371275280798	31.752553362230575	31.348436579486972	32.069856474211157	31.867977936531290	32.575637860372453	32.805336803524149	32.362437946876227	32.352895898880099	32.445146979846534	32.017440037056673	31.237273903266292	31.458383578572452	31.922626527327637	31.906030406172675
26.625000000000000	30.641708288241080	31.162331478011481	31.093923057117209	30.654466783755709	30.367147563807592	29.948794487746362	30.124143243157889	30.198498770017331	30.339180339014248	30.381741100514638	30.478124375199037	30.536762364468409	31.755978753578237	33.536993997370679	34.120487511613383	33.609642707476517	32.571337950649948	32.798289535877991	32.067631512040386	33.159358556179484	32.790126899123209	32.311862762248715	32.166024360370358	31.830530341013393	31.212585836973950	31.557791773740554	32.213037320504718	31.659701008613148
26.375000000000000	30.463941180980523	30.385422044728440	30.774419263538128	30.916036751330854	30.689306277713776	30.130049464630012	30.436416261955081	30.668708188263750	31.211288584097513	30.910417371648720	31.230611626982441	31.926683549024283	32.741134088339464	33.021767517624461	34.265034960012713	33.929938774235069	33.003680280292905	32.373227861411330	32.479582153612199	32.610690826642198	32.575125421348723	32.273288919483896	32.005834710447907	32.139894715071620	32.394100376200967	33.053669646913960	32.498083517499062	31.698466446824646
26.125000000000000	30.761989964120048	30.894157076591444	30.729450616345559	31.001886381743518	30.722550404885787	30.847874159880877	30.729731702003452	31.585536059178636	31.538087418330722	31.611974178844516	31.957690878478470	32.645103355114571	33.547790892167122	34.055261348769221	34.242796818846614	34.019726397888356	33.496600104692348	32.988594385993643	32.987107315744026	33.105864152824601	33.359453127207694	33.005920363562474	31.912816349717168	32.203587030928901	32.796669105280827	33.050431054603941	32.239096011094354	31.710784797527388
25.875000000000000	30.800160848436853	30.889408655628721	30.712320950325534	30.600958072979786	30.416309458176542	30.372527257817595	30.569382567843753	31.192222807126406	31.855150025887131	32.236211391365217	32.783679450624028	33.411062099293602	32.703297685117903	32.954391747927374	34.243393655947962	34.588826915625496	33.576242184667841	33.645947701097384	34.335972183677825	34.360614548003596	34.114891683363545	33.296371919847665	32.622854419267192	32.042165115459341	32.536610470760841	33.067718778343647	32.117882640538816	31.313003989080769
25.625000000000000	30.122926709534795	30.781210274850711	30.725802113308927	30.314541121447071	29.693364869787434	29.710969794909474	29.592090923893341	30.519473780432605	31.995784545745153	32.986953105782987	32.645805899360056	33.603159109280291	33.665274037970761	33.946987719743944	34.601736112875528	34.759074118652762	33.904738083688741	33.213500784999987	33.562666942317762	34.499136536736998	33.862648698593723	32.183702612196242	32.291125426457377	33.049260960942661	32.425133704769095	32.114520664582024	31.856329841590274	31.469798176053935
25.375000000000000	29.790222599236678	29.883708581020819	29.677712179318604	29.511696685052307	29.281725845276164	29.608366141533704	29.981188879959067	30.272281441060024	31.511672739001259	32.137699103138971	32.595969505466080	33.459039217474988	34.628332415668282	34.039262229085921	34.217485495548381	33.456021389739334	32.816993159587348	32.722663298862813	32.303424172505558	32.007632162113808	31.966964309344799	32.475259758759641	32.061943280750981	32.705658018449611	32.777231817392043	32.144427037047585	31.690378849313845	31.671190434871100
25.125000000000000	29.703708676667780	28.974524815018910	29.269668884975282	29.174331122853268	29.398014760805900	29.437739842980008	29.904048515059731	29.665926102463114	31.399603553330952	31.946750614410536	32.128856608118866	32.372945482920628	33.257866662617843	33.518184454735454	32.858591251294200	32.814541871925016	32.044010941537287	32.217175155047030	32.164621297443382	32.363333628469853	31.600195771333691	31.964729999385018	31.833251814062535	32.306156719458656	32.567669104401496	31.743504054948403	31.549514511644446	31.235833932242642
24.875000000000000	29.295125419504075	28.936013798263559	28.661739908346540	28.825982661820344	29.014352809380174	29.467270893489161	29.796617048622423	30.224178611243101	30.503506980597720	31.165707761073122	31.466858775187568	31.960054865607681	32.184785610713703	32.167701112032958	31.807644555100111	32.815746414139511	32.874572259720509	32.780357784888054	32.040441752904002	31.083999323842974	31.794033328353230	32.247349166336321	32.047661350739965	31.835313919781452	31.434960823355659	31.422416687078275	31.703357370341486	31.351638792100005
24.625000000000000	29.118925517376901	28.098430051219886	28.217504794380112	28.272787927312834	28.545848035295631	29.283343476962173	29.755385425628198	30.237625971808058	30.386125799941716	30.430929778542151	31.874150340412751	31.333476703760695	31.773020816082756	32.368004598972234	31.310345369431161	31.724249493022953	32.018843724926143	31.880036584871263	31.942175340094938	30.797953485240800	31.303127679979056	32.042562275920801	31.519599792511876	31.430292507532194	31.392106970337920	31.180117142345509	31.062182728511686	31.393690783526722
24.375000000000000	28.869992440084815	28.318095040130416	28.399149659605840	28.530392028641483	28.795784376684470	29.143190388490641	29.507530176855035	29.968248045038678	30.545004284092208	30.961817290959019	30.935788071850521	31.024486175654474	31.076538203895335	30.777889937789663	30.740129165317242	31.149698081443336	30.567737255108643	31.396925924974465	31.359125159098614	30.965696708356301	32.126189877355102	31.451461877841606	30.485552876546834	30.343504329111695	29.929390864138327	30.499075106506034	31.317861904354402	31.151239380631800
24.125000000000000	29.086586293187402	28.503306510687374	28.702838473020076	29.063998443524916	28.946444537307841	28.995607500615304	29.134087996757565	29.911960760891791	31.262807962144496	31.037164550318600	29.683572605673490	30.874730670760584	30.934408277203769	30.197509575583897	30.313996654502287	30.633370702583871	31.007469216954579	31.186276625443504	31.204473109813552	30.665658606886744	30.541209791130115	30.475744338575524	29.877143460783401	29.770336255967905	29.870002927199955	30.746980383544795	31.695986238098371	30.693678324946653
23.875000000000000	29.202808890417202	29.628942688506790	29.862366699301361	30.029655516545780	29.551991023135383	29.462697408270245	29.902899876023241	30.690657546384280	31.698827736834961	31.189626152950098	29.317859259623539	29.498043134088412	30.364829570209746	29.914028702017230	30.192465270181398	30.184535213299203	29.765694250908133	29.867933462965595	30.149176701375588	29.810240042198885	29.891017871121626	29.789049685487321	30.031441730168076	30.060503745232403	30.164008638155472	29.940818692948689	29.813362992575911	30.328499142772124
23.625000000000000	29.424315467701483	30.248193165563833	30.160696071721745	30.474697633254525	30.319017733852814	29.907348379909532	30.518167908600681	30.420626415835358	30.632365071816977	29.695279806031508	30.182059263062992	29.552864756476815	29.926181769871377	29.209898756519038	29.582655301291226	29.912383557706519	29.548085257476163	29.593060448151448	29.373002135818453	29.639093989827600	29.510250830640132	29.515082121795302	29.982760485574822	30.314963116029645	30.293801860953856	30.100650296788487	30.354053065147909	30.376345676716241
23.375000000000000	30.600568943129574	30.717514443538633	30.807916128411051	30.963683800514776	30.753615717718652	30.276025467797957	29.952815304871415	30.575809573786181	29.747638929782735	29.561492876849318	29.975848118957021	28.896587785732947	29.146813635621069	29.387163828051943	29.503495894845788	29.629395461853480	29.295818036371553	29.275739403800259	29.318287673876789	29.166297065753163	28.992857270694003	29.620630179565346	30.603513884624554	30.505702516430148	30.136939404475974	30.274797172995726	30.493273681476701	30.539985380189925
23.125000000000000	30.804165125454944	30.436098851144443	30.408704095021918	30.847510945272525	30.349229555622479	30.385767233843740	30.088313271620635	29.719021687589638	29.519704555933071	29.297405083959660	29.460183367847044	28.914300696603291	28.624346405523934	28.705027623803751	28.781778057163940	29.066439422396900	28.969128372021316	28.434575952360767	28.392950877616975	28.880347737087867	28.978579437445575	29.037443379409680	30.007576357995042	30.639775370389138	30.183061463826569	30.511001256986631	30.629569400650531	30.332955171922052
22.875000000000000	30.964959729299906	30.769141521008883	30.533999372221068	30.308057629716721	30.588439348609676	30.835037498102107	29.883282556583289	30.172145342218965	29.861413657993470	29.983058511351100	29.564246932060747	29.502959929129133	28.503022956176437	28.107842975302635	28.437696451973906	28.390513212848486	28.870095061814240	28.078805315105008	28.366619101226831	28.578079452954761	28.835239229009943	29.010781839697295	30.236250417184593	30.705576539723843	30.921253173065459	30.889898700777756	30.443551492373068	30.623436307637526
22.625000000000000	30.709050263490965	30.582038241330430	30.680258151887713	30.659871050786066	30.861797118478464	30.410071662601496	30.087976846020496	29.299371227007619	29.272171269098493	29.733622816266760	29.741928247825541	29.449586735215306	28.753403689690487	28.405711173376083	28.233326640488929	28.289222387416729	28.372432700146376	28.101717352659392	28.328877962410267	28.762290542280617	28.706367651476832	29.312273665002735	29.064194271236758	29.833195881408301	31.128894386309540	30.438808802356199	30.197849632747086	30.665378332552812
22.375000000000000	30.450192361098551	30.442371042798740	30.638579712635718	30.509543942701519	30.293747046553911	30.369332558008999	30.042843837505316	29.253968732300194	29.247979698576213	29.497733386736765	29.323193545269685	29.046977269007339	28.385456330879357	28.238434749678305	28.224080533610142	28.818969481280647	28.710085647401769	28.515943441262770	29.349947637218833	29.310415838953297	29.763681665990894	29.674869463886985	29.280099197636986	29.966477510243763	31.010979445071300	30.735981583377246	30.317041228290627	30.586487480170717
22.125000000000000	30.617638965704010	30.518532725784645	30.634774572618298	30.120282026169328	30.037281297168171	30.011406582784282	29.430449360683753	29.277398680705545	28.995309751740407	28.894482374106069	28.707342966229895	28.642934511189821	28.365024062215625	28.402395368262077	28.350876201091630	29.199622886816613	29.300019327420927	-1.0000000000000000	-1.0000000000000000	29.733359671086944	30.133571589886706	30.266404819693307	29.694016105955356	30.303820588391289	31.167278493322264	30.540447531180938	30.470766695838037	30.639009929312564
21.875000000000000	30.588983782321364	30.598117851385794	30.683666442310574	30.321960924443822	29.886353149776554	29.750182506098390	29.780125088176945	29.747442855323939	29.697760670291593	29.463349849852840	29.174313126320470	29.122861760590418	29.908425460217124	28.996067321596712	28.566718916660129	-1.0000000000000000	-1.0000000000000000	-1.0000000000000000	-1.0000000000000000	30.310962684541742	30.223343153300782	30.608351117982131	30.498719839566498	30.963824502398751	30.811075931151294	30.750035706255701	30.678515381040668	30.904192111771735
21.625000000000000	30.880071874751508	30.681198600388079	30.670642064834411	-1.0000000000000000	30.582395088171772	30.655073635814695	31.145105956944363	30.503999643083503	30.115375243953835	-1.0000000000000000	-1.0000000000000000	-1.0000000000000000	-1.0000000000000000	-1.0000000000000000	-1.0000000000000000	-1.0000000000000000	-1.0000000000000000	-1.0000000000000000	-1.0000000000000000	31.070313206486141	30.378078705519499	30.460566285492582	31.236871750807317	30.712801047381511	30.590544089531832	30.690010226814010	30.750880300443292	30.392443752862718
21.375000000000000	-1.0000000000000000	-1.0000000000000000	-1.0000000000000000	-1.0000000000000000	-1.0000000000000000	-1.0000000000000000	-1.0000000000000000	-1.0000000000000000	-1.0000000000000000	-1.0000000000000000	-1.0000000000000000	-1.0000000000000000	-1.0000000000000000	-1.0000000000000000	-1.0000000000000000	-1.0000000000000000	-1.0000000000000000	-1.0000000000000000	-1.0000000000000000	-1.0000000000000000	30.706309046900749	30.735679874118048	30.761570121420206	30.689393603151771	30.432635246652616	30.268867126603489	30.210325342055988	30.058547308919159
21.125000000000000	-1.0000000000000000	-1.0000000000000000	-1.0000000000000000	-1.0000000000000000	-1.0000000000000000	-1.0000000000000000	-1.0000000000000000	-1.0000000000000000	-1.0000000000000000	-1.0000000000000000	-1.0000000000000000	-1.0000000000000000	-1.0000000000000000	-1.0000000000000000	-1.0000000000000000	-1.0000000000000000	-1.0000000000000000	-1.0000000000000000	-1.0000000000000000	-1.0000000000000000	31.401652039489292	31.115924744668042	30.439782878670371	30.121526493140927	30.364636676357406	30.519230765343416	30.174036275021763	29.736067471360400
20.875000000000000	-1.0000000000000000	-1.0000000000000000	-1.0000000000000000	-1.0000000000000000	-1.0000000000000000	-1.0000000000000000	-1.0000000000000000	-1.0000000000000000	-1.0000000000000000	-1.0000000000000000	-1.0000000000000000	-1.0000000000000000	-1.0000000000000000	-1.0000000000000000	-1.0000000000000000	-1.0000000000000000	-1.0000000000000000	-1.0000000000000000	-1.0000000000000000	-1.0000000000000000	-1.0000000000000000	30.849437148363442	30.623340665726879	30.493732434271607	30.556610618685397	30.258774993330817	29.954159373393956	29.511011533005991
20.625000000000000	-1.0000000000000000	-1.0000000000000000	-1.0000000000000000	-1.0000000000000000	-1.0000000000000000	-1.0000000000000000	-1.0000000000000000	-1.0000000000000000	-1.0000000000000000	-1.0000000000000000	-1.0000000000000000	-1.0000000000000000	-1.0000000000000000	-1.0000000000000000	-1.0000000000000000	-1.0000000000000000	-1.0000000000000000	-1.0000000000000000	-1.0000000000000000	-1.0000000000000000	-1.0000000000000000	30.932429253646788	30.452657603134675	30.359436157325234	30.265351735163485	30.403360859503707	29.673831781086150	29.434226781959964
20.375000000000000	-1.0000000000000000	-1.0000000000000000	-1.0000000000000000	-1.0000000000000000	-1.0000000000000000	-1.0000000000000000	-1.0000000000000000	-1.0000000000000000	-1.0000000000000000	-1.0000000000000000	-1.0000000000000000	-1.0000000000000000	-1.0000000000000000	-1.0000000000000000	-1.0000000000000000	-1.0000000000000000	-1.0000000000000000	-1.0000000000000000	-1.0000000000000000	-1.0000000000000000	-1.0000000000000000	-1.0000000000000000	30.647895581103548	30.536779875958395	30.519373726727537	30.544245450342508	30.374986592236375	30.083521255787865
20.125000000000000	-1.0000000000000000	-1.0000000000000000	-1.0000000000000000	-1.0000000000000000	-1.0000000000000000	-1.0000000000000000	-1.0000000000000000	-1.0000000000000000	-1.0000000000000000	-1.0000000000000000	-1.0000000000000000	-1.0000000000000000	-1.0000000000000000	-1.0000000000000000	-1.0000000000000000	-1.0000000000000000	-1.0000000000000000	-1.0000000000000000	-1.0000000000000000	-1.0000000000000000	-1.0000000000000000	-1.0000000000000000	-1.0000000000000000	30.388925014465421	30.602608236774962	30.312312288272913	30.527113179220187	30.368245478399956
cpt:C=3, cpt:clim_prob=0.33333333333299997
	87.125000000000000	87.375000000000000	87.625000000000000	87.875000000000000	88.125000000000000	88.375000000000000	88.625000000000000	88.875000000000000	89.125000000000000	89.375000000000000	89.625000000000000	89.875000000000000	90.125000000000000	90.375000000000000	90.625000000000000	90.875000000000000	91.125000000000000	91.375000000000000	91.625000000000000	91.875000000000000	92.125000000000000	92.375000000000000	92.625000000000000	92.875000000000000	93.125000000000000	93.375000000000000	93.625000000000000	93.875000000000000
27.875000000000000	32.651656525651433	32.616418556971261	32.918273635384701	32.524110730341604	32.218877888848610	32.287559185334565	32.030271846872807	33.464821880478446	32.466673592911107	32.332981219069978	32.452373590037723	32.472925557724338	33.126715047626611	33.081982260181206	33.949331202223064	33.534463929374738	34.618287077162279	34.655907001903245	34.482460283410049	34.112264880416440	33.789996840400647	33.731637402148920	32.290550734065832	33.227448017055799	33.071851627490560	33.244746048954518	32.769136811775127	32.924408769008537
27.625000000000000	32.222541677259755	31.987595636895950	32.506079713588534	32.508068955665983	32.245887580880826	32.277877658505048	33.101664877223548	33.980046298791635	35.221152482574766	34.978191332219779	34.170509657569241	34.903525051579273	34.813443182714607	34.571404795775635	34.402342175418752	34.236714064257612	35.492360873576878	34.748583964020405	34.982796066398159	34.111598332549811	33.813118644833509	33.876840573646049	32.879488825651237	32.799357230632431	33.108473378090672	32.654249482080800	32.630606403729324	33.649620802255889
27.375000000000000	32.169798777235798	32.219075723006199	32.377286091720890	32.263530112038012	32.655324811301931	33.312561463010127	34.168677549821354	34.686581646387189	34.916835791281706	34.196238444907934	34.600791276896565	35.080909910144385	35.318558956496197	34.895296243124434	34.464881347007548	34.499315271746276	33.488360437589186	33.428027523503353	34.332999871498728	33.770669900027279	33.561543558689891	33.308608154786398	32.423596913769053	32.222485593471603	33.040789821612833	34.265796830360770	34.126538964050624	35.149748617835272
27.125000000000000	31.291518835577058	31.284012802142652	31.801343515565041	32.303281106385221	32.452088598081026	32.981453799383210	33.577110595638153	34.176021334557760	33.763478352269821	34.456164567177346	34.514436874143925	34.492698214039187	34.143249748706580	33.458064527518850	32.513450746486527	32.270144490114653	31.977600167010518	32.411909480636972	33.524984513132054	34.253929127297233	33.568555997894215	33.147694368189704	33.257844405837112	32.996219566489678	33.241933774805297	33.691792051660762	33.935405704565028	35.264924700489388
26.875000000000000	31.058192973784216	31.229849864607917	31.437360689943922	32.168402148528195	32.502535026614524	33.364608708291883	33.401590622591129	33.750284379697163	34.027577934982808	33.504218904426388	34.030692154786600	32.975841453347954	33.448251719627450	32.653365244000085	31.196380366260644	31.964798161266927	31.670704214963642	31.822341708199865	32.656220029673406	33.090681508800323	33.404737331245812	33.049636706886112	31.985577033974316	31.788008930363628	33.062782411808719	33.718671814783619	34.127662540173972	33.966591166250964
26.625000000000000	31.727898210820481	31.693880074287151	32.006513161124964	32.253680891354783	32.421378622004596	32.611064948379578	32.780116202304860	32.937358122125339	32.585910122497950	32.550787842155771	32.538186955645116	32.102514812051105	30.799868177670302	29.519010924766974	28.923726953048316	29.604965374564564	30.683217561726384	30.948255911981121	31.988901580021512	31.103538803359697	32.491767752875504	32.080457128754155	32.150593259910934	32.042941589349795	32.707513980163483	33.047993507782984	33.088570039386092	34.011197452463257
26.375000000000000	31.951940754659081	31.825945947860053	31.986948614895788	31.626379478251092	31.647109413310332	31.813799960837052	31.673199966752769	31.875097204765048	31.319068962330636	31.585470172636825	31.216053215640915	30.526499966685535	29.572931954775623	29.738799385597829	28.731285416632769	29.986401451238091	31.199358067620857	31.745935410877912	31.766961386865805	31.950811870700800	32.193366634249720	32.284853878921716	32.985900033652065	32.204542877730802	31.301838996428717	31.513322326368566	32.861676875031684	34.141523468756084
26.125000000000000	32.169923806329265	31.925280215274999	31.892622922879994	31.439675631897430	31.891835056817648	31.827239657170320	31.724577337207304	31.113121629885782	31.248720798949218	31.393350181589330	30.990219168674404	30.516788259283828	29.202058049113916	28.893486416411001	29.116075570829398	30.257411821491509	30.358815407733491	31.426515321148223	31.584928827335919	31.725910080902658	31.757775266198202	32.141301387688735	32.797634424233060	31.943991065474155	31.681459726984844	31.977239259182276	33.335450167664469	33.811967448808637
25.875000000000000	32.231311101221884	32.087151119343901	31.953207055191768	31.847347876744742	31.728933720428991	31.766186750618118	31.080965861784797	30.519830726362969	30.127950971738183	29.801270879286296	29.501731644065877	29.184837052534430	29.226508022063836	29.321059439494551	29.225212023713631	29.769108663464728	30.297343500345413	30.533355075485684	30.431199868235186	30.478614305528989	30.663007681775774	31.239526056087307	31.319234633281106	31.637738876843812	31.247755840624869	31.795906876024944	33.083367903394439	35.173996992060566
25.625000000000000	32.642848302835489	31.949081302610775	31.449355017413556	31.544252722196809	31.799281348734194	31.727369812995050	31.325848886909828	30.577700539123811	29.879409056907512	29.370407442465201	29.655878996027401	29.161465921794360	29.270505432769735	29.039363114234853	28.624320309897705	29.004381395546012	29.953207880060610	30.560610133918729	30.180192837382190	29.335545656247408	30.399706358105071	30.619699771560548	31.201439976976097	31.271687294027657	31.412042252933336	32.080372769773682	33.593793555920989	34.624098345982325
25.375000000000000	32.741669869530057	32.456873915123850	32.273837877922176	32.149726488091829	32.108294079814712	31.763724864942166	30.960548683999189	30.549284004397158	29.821796164512232	29.465802268251728	29.883569858465670	29.177459197926630	28.137696895671560	28.492609067941761	28.753538885431553	30.061640236914837	31.233643956556882	31.875911724298543	32.382912426163045	31.709108080123844	31.567794156320407	31.290492411955540	30.654035869907826	30.788477406227845	31.803311456637324	32.669257681164048	32.949012671298760	32.946226518752006
25.125000000000000	32.701940534293321	32.444925254938703	32.082594040835801	31.901037220319196	31.334291961389582	31.114932262173710	30.847785336201039	31.035066557260460	29.789131116071605	29.580188799262398	29.738312966215037	29.207057552777872	28.875282722839042	29.133378713760074	30.215507792718082	30.369122333878508	31.675491509386084	32.075117836905079	32.418384028298810	32.095059711578891	31.220984175420686	31.056390908983428	31.671401240760268	31.342815579289702	31.799884377218056	33.065197739630577	32.391353467774380	33.180128959207821
24.875000000000000	32.542114169032310	32.271734073209856	31.645355683085498	31.805704190351118	31.208248891367429	31.091885923877204	30.976033004075141	30.585516650178914	30.507783699221513	29.846170908832370	29.485428076953191	29.482758281105582	29.338427515283144	30.157989297093575	31.097834385121160	30.685902832964334	30.868569589732392	30.631422779049462	30.759725247526561	31.579596095380978	30.802568997128560	30.967586903879084	31.738097787518889	31.988312169221178	33.031197106285809	33.614607786859175	32.993225821808245	33.675635694263988
24.625000000000000	32.317000730069381	32.120647464490546	31.677083805727897	31.837922499797500	31.639389106310457	31.119711625716718	30.663179044192795	30.493971320790791	30.470248198550870	30.460517488572357	29.737862390461540	29.523347570685488	29.872471450364245	29.679382554412019	31.194290904676791	31.171902037805886	30.718541360458261	30.931388650989611	30.984336861143102	31.365346582734571	30.666892504872280	30.807814555519542	31.984798352336497	33.105525975426566	33.305298265584341	33.333315812752687	33.547284488427167	34.240172397264146
24.375000000000000	32.292997264265701	32.264574235518296	31.558426058915863	31.641818119872855	31.478619569432038	31.052464998608304	30.874011325484098	30.508421197282125	30.042059564782413	30.141531471332378	30.232072359446260	30.048532569711227	30.075595539080101	30.171961338000596	31.227823959324851	31.580308450280388	31.688830216603588	30.487676925836727	31.147746471091292	31.407220835707651	30.988259434836777	31.552059619303957	32.160226430465350	32.993860592331245	33.651345731035320	33.188949999458430	33.355164384499517	34.867355946482029
24.125000000000000	32.424761694990387	32.524576927542959	31.707222319066585	31.501597657479131	31.683910352059485	31.260922545757996	31.047215123566176	30.605801266294723	29.991614553550622	30.283349412793164	31.412981265416107	30.379764515093903	30.093412023028204	30.617239794998579	31.059890762872133	31.174767037618455	31.161641169872777	31.402527395627615	31.607408214983085	32.080435975874245	32.854677417527775	32.271784029655684	32.385150135459071	33.610551831020103	33.394095416816540	32.862652172432320	32.790510141864473	34.717648617002730
23.875000000000000	32.874718123452482	32.320798907429371	32.233841732252486	31.590209551478800	31.197747651747786	31.177746358080206	30.793070918710839	30.301599383241829	30.108300324658106	30.290865972846937	31.377276791189040	31.460716153398984	30.710234583627727	30.761943253726304	30.730958201817938	31.247518098698567	31.841879252162066	32.065667199667210	32.176987863739477	32.325619963307233	33.137331152648599	33.975299153645580	34.042924008391488	34.182105663293207	33.754618300429605	33.831075816858359	33.964144517477870	34.317574409367971
23.625000000000000	32.663880928631613	32.314708902333940	32.558160748431334	31.222638538182235	30.797756521774371	31.043918387854770	30.709649942057780	30.764604118933541	31.257755875522548	31.690486780395894	31.008187338488863	31.398938993744117	30.795963439783286	31.152561185781614	31.083112300746720	30.861439991707201	31.678228463599712	32.129724282062291	32.486640867412028	32.514516089860869	32.917724155528902	33.652103412272979	33.771983536766228	34.382862959225292	34.155882325067104	33.911341671590321	33.890195869599097	34.891676074740630
23.375000000000000	33.097975616137418	32.806054307423047	32.276837850598142	31.677840892079946	31.257869056294453	30.965986654006421	31.289799843219583	31.537769949966510	31.896076605194342	31.669118838690519	31.386906926336540	31.426603349842701	31.129387378240526	31.060025858769517	31.141397868795561	31.884008106921957	31.888847928167468	32.133631643281817	32.018177881778072	32.756514947676187	33.189109651889439	33.117494747189390	33.200321929896624	33.881391739960023	33.759193368348868	34.238063521463722	34.801392011792110	35.542163994753558
23.125000000000000	32.557898430069550	32.663259550357530	32.937218003772543	32.143581639188390	32.027183179295029	31.633234756743111	32.023774716129509	31.864475065917325	31.787050074932271	31.479635785710713	31.518357345599028	31.352603010934750	31.209241313147491	31.172250135261066	31.304212957676235	31.176834313095821	31.330428747969506	32.434278011276980	32.795780105280876	33.146475942813730	33.240781057894210	32.945337629944511	32.993556285248118	33.692196362053643	33.570856095441854	34.563512151570450	35.868111823361012	35.394154410698789
22.875000000000000	32.685767417876150	32.956172813691396	32.911801954370809	32.372619876661282	32.126294150218179	31.940596510599566	32.003974754602119	31.417543761324691	31.454444362661622	31.204183936020446	31.381506435591895	31.127148937520005	31.299168287069023	31.715550842062473	31.427559713326055	31.476237005100533	31.375211986388891	32.652666528274452	32.721705083358465	32.878658251438701	33.106470036149105	33.087813806097202	32.391293598502116	32.695309985438016	32.978138213676949	34.004451988432642	35.100621598881013	36.645936099166398
22.625000000000000	33.554083628886630	33.413817061250043	33.134584305864969	32.643240275664809	32.255942375669719	32.171136777221903	32.081191713186904	31.433324596572575	31.478904279332504	31.564426110795253	31.433331089087147	31.658419942949344	31.440008060905782	31.477002177896125	31.720398722617698	32.190465520416737	32.288124298878444	32.863343281641136	32.690620348959058	32.536374914589601	32.962732403411493	33.021311091770841	32.955409416793522	33.329509929717140	33.061343276497226	34.737417253979736	34.707331598663806	36.042697598122778
22.375000000000000	33.879762777560778	33.476703355176411	33.233132343064256	33.242596864331958	32.968886057087332	32.753650603599027	32.165061438785692	32.046140909775204	31.886938581661457	31.860987062126700	31.686478158323172	31.519514307747503	31.869967115876207	32.212236499423753	32.271161750220287	32.068546669001769	32.714114201210833	32.923232126047317	32.407486347650845	32.318847502004054	32.492462954084225	33.341764397351881	33.313120016453993	33.136902425842692	33.501859276647551	35.228423471718735	35.855852759174461	36.219109669364244
22.125000000000000	34.083345505525465	33.500560047969877	33.703932136865959	33.525910744826817	33.045581217394371	32.411072460767301	32.199503011133821	31.940177491881471	32.532324783129752	32.341519230839943	32.446464997793505	32.176424067610569	32.375451528711899	32.800434263324100	32.798537416741254	32.960571624671410	33.079421768741788	-1.0000000000000000	-1.0000000000000000	32.450278085130805	32.565705823040005	32.469253327169532	33.673128448164533	33.321607444051729	34.315071291312641	35.760275368749497	37.045624312731761	36.787669491256011
21.875000000000000	34.596299673778006	34.124814167915360	34.133299899682662	33.254634752836978	32.913464901721923	32.480470021234318	32.080079383607320	31.943846066173904	32.433004621037490	32.676764559177080	32.581718447918675	32.344736188715565	32.286763782399987	32.743449995191341	33.216105475374377	-1.0000000000000000	-1.0000000000000000	-1.0000000000000000	-1.0000000000000000	32.605750332842454	32.384456106587770	32.452188815993424	33.052754464850025	35.728029445713815	37.148475892416869	37.008990813687006	36.863165040963864	37.974239282803026
21.625000000000000	34.938716513036937	34.522728512184067	34.223339989874361	-1.0000000000000000	33.038057302874272	32.835812041141551	31.754936302804026	32.115014012911722	32.242014114095831	-1.0000000000000000	-1.0000000000000000	-1.0000000000000000	-1.0000000000000000	-1.0000000000000000	-1.0000000000000000	-1.0000000000000000	-1.0000000000000000	-1.0000000000000000	-1.0000000000000000	32.253655647729687	32.252280551283704	32.676348514956935	35.063234650753692	37.355991501993394	38.038394752556016	37.677458631905751	37.492775106246818	39.015726506529489
21.375000000000000	-1.0000000000000000	-1.0000000000000000	-1.0000000000000000	-1.0000000000000000	-1.0000000000000000	-1.0000000000000000	-1.0000000000000000	-1.0000000000000000	-1.0000000000000000	-1.0000000000000000	-1.0000000000000000	-1.0000000000000000	-1.0000000000000000	-1.0000000000000000	-1.0000000000000000	-1.0000000000000000	-1.0000000000000000	-1.0000000000000000	-1.0000000000000000	-1.0000000000000000	34.989950121523343	36.147686422372388	37.653456533975870	37.327231953056753	38.594731992471672	39.181651047819464	40.223364820517340	40.156344591673601
21.125000000000000	-1.0000000000000000	-1.0000000000000000	-1.0000000000000000	-1.0000000000000000	-1.0000000000000000	-1.0000000000000000	-1.0000000000000000	-1.0000000000000000	-1.0000000000000000	-1.0000000000000000	-1.0000000000000000	-1.0000000000000000	-1.0000000000000000	-1.0000000000000000	-1.0000000000000000	-1.0000000000000000	-1.0000000000000000	-1.0000000000000000	-1.0000000000000000	-1.0000000000000000	35.615699362798679	37.554265677550383	38.975287613546058	39.336679684405645	38.816923528093980	39.837618839261147	40.702518692185251	41.052306382409483
20.875000000000000	-1.0000000000000000	-1.0000000000000000	-1.0000000000000000	-1.0000000000000000	-1.0000000000000000	-1.0000000000000000	-1.0000000000000000	-1.0000000000000000	-1.0000000000000000	-1.0000000000000000	-1.0000000000000000	-1.0000000000000000	-1.0000000000000000	-1.0000000000000000	-1.0000000000000000	-1.0000000000000000	-1.0000000000000000	-1.0000000000000000	-1.0000000000000000	-1.0000000000000000	-1.0000000000000000	37.976337259017463	38.532702857858077	38.923433727475413	38.950011350653838	40.039060707626632	40.601327797768469	41.114835909336385
20.625000000000000	-1.0000000000000000	-1.0000000000000000	-1.0000000000000000	-1.0000000000000000	-1.0000000000000000	-1.0000000000000000	-1.0000000000000000	-1.0000000000000000	-1.0000000000000000	-1.0000000000000000	-1.0000000000000000	-1.0000000000000000	-1.0000000000000000	-1.0000000000000000	-1.0000000000000000	-1.0000000000000000	-1.0000000000000000	-1.0000000000000000	-1.0000000000000000	-1.0000000000000000	-1.0000000000000000	37.417504573579777	38.553052578988179	39.326309431264207	39.922725877036321	39.326371600645558	40.887529073396578	41.434992520700789
20.375000000000000	-1.0000000000000000	-1.0000000000000000	-1.0000000000000000	-1.0000000000000000	-1.0000000000000000	-1.0000000000000000	-1.0000000000000000	-1.0000000000000000	-1.0000000000000000	-1.0000000000000000	-1.0000000000000000	-1.0000000000000000	-1.0000000000000000	-1.0000000000000000	-1.0000000000000000	-1.0000000000000000	-1.0000000000000000	-1.0000000000000000	-1.0000000000000000	-1.0000000000000000	-1.0000000000000000	-1.0000000000000000	38.286685406675169	39.143003858963830	39.393030115480002	39.280087165459939	40.045005873068611	40.604285856951982
20.125000000000000	-1.0000000000000000	-1.0000000000000000	-1.0000000000000000	-1.0000000000000000	-1.0000000000000000	-1.0000000000000000	-1.0000000000000000	-1.0000000000000000	-1.0000000000000000	-1.0000000000000000	-1.0000000000000000	-1.0000000000000000	-1.0000000000000000	-1.0000000000000000	-1.0000000000000000	-1.0000000000000000	-1.0000000000000000	-1.0000000000000000	-1.0000000000000000	-1.0000000000000000	-1.0000000000000000	-1.0000000000000000	-1.0000000000000000	39.376651349249393	38.897570125972130	40.137924231187633	40.439170793135482	40.122329558883891
