xmlns:cpt=http://iri.columbia.edu/CPT/v10/
cpt:field=prcp, cpt:T=2019-06/09, cpt:nrow=32, cpt:ncol=28, cpt:row=Y, cpt:col=X, cpt:units=mm/day, cpt:missing=-999.00000000000000              
	87.125000000000000	87.375000000000000	87.625000000000000	87.875000000000000	88.125000000000000	88.375000000000000	88.625000000000000	88.875000000000000	89.125000000000000	89.375000000000000	89.625000000000000	89.875000000000000	90.125000000000000	90.375000000000000	90.625000000000000	90.875000000000000	91.125000000000000	91.375000000000000	91.625000000000000	91.875000000000000	92.125000000000000	92.375000000000000	92.625000000000000	92.875000000000000	93.125000000000000	93.375000000000000	93.625000000000000	93.875000000000000
27.875000000000000	1165.6948191293727	982.38988213601931	995.45765043495408	1043.9133921075561	1087.4453635219140	903.13058163095434	753.52321587663982	571.83169112926362	403.97864230857181	426.03112871824470	352.57779326160914	309.02503519269499	237.71809660487219	150.43096525407506	115.10397754487376	140.67641097011003	207.88488278080453	203.42871741340551	138.14150283523503	106.67265319523041	154.74979787228574	232.80777772318544	316.87393770482305	442.72013192437754	670.73560633609395	903.52341730702210	1058.7330181227255	1142.8057613265958
27.625000000000000	1560.7721204514580	1425.7307298272831	1254.4490977999528	1255.9708389398759	1252.2589290149240	1005.6424570661783	750.77460254768437	480.42940862388292	414.75932186491332	470.33094608658882	449.63282933567916	452.74913830834350	315.79115852247918	219.23162552845025	187.75195518707758	237.38868137538600	282.93648567933792	269.51785915865719	282.49072923134059	235.95322140285174	245.83821246987787	328.61565211674252	431.44791926667011	668.51298446582916	813.92124355684871	751.60496163864264	993.27222521238423	1237.1333766148598
27.375000000000000	1327.4896090129278	1319.4006873720232	1431.6491893689029	1367.8053725288732	1218.7602100662343	1179.4604294725359	987.95203318352878	657.75188430897958	681.59601995682158	605.61478254257781	567.29445116364548	515.91869803515021	451.43066110741984	357.38484702457907	342.58070880813841	288.08434738877799	360.17902926941355	370.11296448864971	393.78317677382609	287.94976631891575	286.98776660383794	383.97187179792098	593.43629486433326	855.70576330657070	922.26173540429272	877.18304211457735	1158.0518652211033	1582.5263422666544
27.125000000000000	976.02128369823356	970.04557004027333	1175.1823460598530	1403.6701577868052	1541.9503678757583	1665.9849462258549	1570.2508453716250	1398.8939949327882	1249.2293093185719	1046.1577022123024	925.02385264800057	872.46987420212815	888.86041182466045	830.81031447938597	770.57150757607621	733.23287851597775	741.65084039877809	717.90182346160691	562.31127008674696	498.49198807088555	546.80650766725705	711.45519059287153	1056.2306786541712	1254.2153794749718	1245.8637458992710	1232.6194712871109	1375.0295472965515	1763.6276392449886
26.875000000000000	1411.0061262026275	1195.3396896943971	1445.6449548258684	1535.8428822299297	1887.5901347356412	2121.9556315664004	2108.1937423966747	2063.3843585591567	2059.5693039157795	1879.0824548269113	1695.3429747090065	1684.7206846735583	1675.5127815585256	1711.4845255557775	1600.5607620773874	1454.2655435831346	1386.9255647973498	1251.4542901836810	1168.8702768250466	1085.3197803286482	1188.0949902390696	1393.6294476333312	1488.3233810195522	1560.6293666691990	1574.2115197862499	1509.1317314637504	1438.9545331099143	1508.8371603943665
26.625000000000000	1564.7090589949200	1574.5388031980904	1843.2738091310976	1871.8523026746941	1911.9680965842035	2237.3971773513013	2325.5474613810024	2413.4041485889484	2469.7771161528231	2456.5952277986407	2431.0536487361114	2450.5314796237262	2415.4164112956264	2261.7388874735275	2048.1835621099790	1902.5224365643835	1701.1729950405420	1567.1722975548537	1404.4910849519695	1262.3107847780122	1299.3528975876100	1415.1919569841075	1358.1192089084918	1379.4587302242485	1353.7073350825335	1356.7162563028221	1402.3155757485110	1479.3091637747891
26.375000000000000	1450.3114639108721	1566.0133036959157	1777.1165502625372	1893.4200870420773	1940.3027458584561	2010.7406056015679	2279.1688287509965	2370.6767363852205	2439.7923045126290	2505.9834691287369	2487.3424839157551	2397.4416987566224	2354.7812567375418	2220.2171879210068	2014.1884275959628	1795.5186908943940	1551.1906324547797	1341.1952254877083	1262.5913803580461	1210.2479615300308	1285.3762892733112	1281.2945564684089	1287.7451736981041	1289.9419181571263	1270.6761706672564	1295.8058308176007	1419.9900213806650	1606.2186995164648
26.125000000000000	1403.5771819474958	1480.3269811437519	1661.0453176798476	1771.5259310133220	1894.5205873496809	1886.6593317746942	1983.3134938898611	2111.2689743904230	2282.3274947218083	2361.1628445150182	2378.2278148269429	2224.2671833434174	2188.1564542498982	2113.5784856297605	1945.7016662007150	1755.8010304998518	1533.5619546403323	1302.8995629750950	1175.1090225062992	1343.2314663963323	1393.3126370725010	1372.0740586642012	1370.7391416864255	1311.0955300618259	1284.7468576740771	1253.4134459423719	1411.3476884365832	1606.1319153891218
25.875000000000000	1257.7485153890325	1372.2230990698342	1488.3204442106537	1578.0421253762765	1627.9140328882038	1639.5619280668550	1664.4642123730237	1793.7559625156082	1912.9155078476056	2011.6726196094237	2097.4849155679308	1991.0621096790426	2075.9607059522737	2061.8645581095061	2001.7662249316882	1998.2959674483079	1844.0620430520626	1780.7361959282114	1707.6333252510260	1678.4226926734671	1605.7564552265878	1521.1964742111434	1499.7744193848496	1328.0221969855234	1048.3956056864085	1148.1792034754365	1400.3893950526888	1543.2536843245332
25.625000000000000	1188.1971362142683	1236.8316955714256	1322.1782083070364	1451.1332964089379	1451.9459062252060	1424.2178784784480	1335.5952524848476	1506.7125508269173	1585.5665521948540	1651.4434051519431	1816.9026886634590	2038.7733978444048	2300.7695296772658	2288.6861388512466	2195.5168475125147	2282.7523196293041	2332.1318060345243	2351.2943561166367	2188.5404543486170	1738.4371763162762	1753.0487561014806	1705.0430712674695	1550.2534396611391	1313.6295296099015	1045.1153989400404	1145.6138812733593	1260.7858377317089	1283.8661948484387
25.375000000000000	1083.3220410927418	1179.2678250088873	1241.3768298222847	1305.9664289217610	1311.3172716897459	1277.1664475794169	1291.5368010971520	1396.2225274295874	1451.9445574279209	1457.9670775679381	1580.9449708317429	1806.8159310765664	2260.6764400568300	2481.9358757100945	2417.8638095029291	2496.2155116092790	2733.0636536240872	2863.6670722308190	2822.3574520172069	2354.4720799957336	2163.6738615699405	1970.7210388671160	1742.6971989522788	1486.3933329528249	1356.6072409034582	1199.3758112649539	1030.2669335532919	964.49534455507614
25.125000000000000	981.88599309099993	1139.5393445694510	1266.0643336291205	1249.1488828404429	1169.8241092289818	1189.3696267774335	1222.6328546027503	1307.6622291780470	1341.1856742956375	1384.6079480092531	1478.8982667208165	1627.6023162705021	1853.8836838636935	2078.5979664377974	2287.0879773493230	2500.1201171691314	2879.9518084515566	3159.2801996458961	3302.9817707344823	3168.5789040715172	2656.2936838843375	2276.0588332218176	1920.2228542162552	1604.9603456169950	1387.7726978795549	1235.1522503027954	963.03778735337835	860.44634166675860
24.875000000000000	1115.2239033926246	1192.6893090614758	1232.8411270040133	1204.0780294241745	1161.4572707273514	1126.8897616399852	1164.6464215605120	1200.5067447854808	1261.8637385942072	1316.0301917408920	1426.5228347055736	1514.0068519876236	1625.1443412091960	1778.7692249883353	1998.7750175807798	2196.9524581253090	2382.0574593023971	2671.3028201133684	3040.7682571907239	3182.1982113938866	2617.7146319619496	2225.7757570398990	1986.0504318368633	1941.4249563977023	1635.5345564450536	1256.1826252435355	970.11797880656775	845.94725413597882
24.625000000000000	1192.8271844646872	1227.2929499780005	1209.9610136282645	1177.5899731285419	1184.7829111328122	1189.4081031257360	1140.0635735020448	1213.1883451251872	1253.8163705154889	1258.2962518842901	1308.8385863466956	1436.8237791109095	1505.1706772628734	1639.4494229655534	1751.6071157803542	1808.6305644380391	1947.1067221345506	2073.4061779717094	2247.0353921497040	2358.7453128932380	2157.2438617439320	2049.9916243363291	2000.3630381669977	1880.2981402632561	1587.1978431579637	1294.2399987368030	992.34483590202944	859.98593101667211
24.375000000000000	1122.5487896742579	1161.7130518149352	1155.2633164380211	1138.1069718402564	1137.3653695066228	1147.1056271883683	1118.4973078808082	1176.0406140805067	1208.7567542360025	1217.4642232180167	1222.5824349864959	1293.2023472486794	1378.6164323314094	1473.5885250627571	1454.4099492520058	1525.4810252866096	1663.3018438222161	1732.5900511329733	1650.8740454864160	1742.0348473480317	1837.7637091164872	1995.1174587097057	2026.4479330828399	1885.9435576486080	1519.3182688127163	1272.6970640529998	1028.0655817597169	1021.3372280615289
24.125000000000000	1071.4432181102072	1119.2000009675817	1103.9000493359088	1101.3135776352544	1103.6141123766142	1098.3107389274003	1128.2412670872654	1158.2045691020103	1168.3731062029365	1153.0950336768874	1152.5534309071616	1195.6186613672189	1247.6283910478408	1303.9288659965841	1333.0101391574512	1307.9782278382559	1418.7057436362807	1608.9693377466538	1728.8443115683099	1798.3328450152153	1891.3644052719128	2079.1975877131877	2074.2685421863125	1793.6678020641193	1421.7318156523963	1191.6689681912694	1066.4692016747636	1155.4759108488311
23.875000000000000	1100.1118005131061	1102.8391548953855	1087.3299801857443	1057.8673310503789	1084.8381528952336	1090.9073481817557	1121.6852527296055	1156.7740115672718	1151.7386630655026	1148.1745767683803	1165.8275557732513	1190.9365176052240	1244.6638892460246	1363.4436780428462	1342.2683451775565	1300.4601891100574	1361.5092947540568	1599.7208645355859	1810.3031990840575	1935.5543668900859	2072.7709956474059	2024.7337313383800	1785.7117919523032	1523.2692355603822	1278.4165864046965	1125.7231081148273	1139.1619381961136	1272.2764701762510
23.625000000000000	1110.7146262854719	1132.1450691195221	1066.2703418980830	1057.2144793381615	1073.0956694563770	1106.5545964724165	1167.2763230984294	1178.8851155378379	1171.5245180461677	1188.2751188652503	1229.2371142196969	1210.3240935928211	1259.7012094394067	1356.4678228020537	1440.8790353461904	1405.9977909826923	1467.3255358724377	1676.5202983482477	1831.6557014255804	1922.6926895920906	2018.4527936825373	1831.6953630831053	1562.6953811614935	1343.9060710731376	1140.7052859001044	1049.4677234024707	1162.1602435427078	1250.2979534970161
23.375000000000000	1095.1362711840261	1142.2526301958933	1088.8255252047156	1080.5466078729501	1108.7995951468095	1092.9208916458656	1143.5728383006112	1172.6266395307530	1167.4003135252810	1210.1073787175726	1206.6193982535922	1218.7020922214374	1241.2485574531031	1329.2970717104783	1416.2672205471370	1411.5252195060255	1439.1840826828579	1734.0994724599279	1888.0456522920654	1980.3933081170576	2002.1699190354693	1910.6880378597459	1710.6439556472149	1483.9667366717511	1166.5511950484924	1089.8759497410319	1171.9281875774620	1273.0536289016634
23.125000000000000	1088.0895859244620	1107.9764682856626	1058.5989617753369	1097.0126923207488	1183.7436625734256	1153.5735297137703	1170.7343603512591	1229.9068214597926	1190.3406560184765	1205.2467663925886	1227.7331390219547	1212.8292762794920	1294.7811747274407	1435.4238206468228	1522.0229938304367	1678.1783222589456	1774.3208220093156	1834.6451405152111	1996.6973139012639	2024.1654599600356	2014.8661050606222	1998.8757190427355	1901.3800905022376	1622.1513267430605	1343.8952486313481	1189.8744567082149	1200.6416913170360	1273.7036947555132
22.875000000000000	1157.4937618008375	1140.2610743086530	1129.1772320798734	1219.6188583933340	1239.1557366869313	1241.1893724523804	1210.6023284595321	1200.4467679786478	1212.4988102601324	1212.8196134591135	1252.2592772701248	1285.5518027502760	1340.4966292900403	1496.2766085573251	1667.7484899632439	2039.5854759262115	2175.6226285397793	2127.0591607981319	2115.2292312579893	2045.7381118788126	1969.6798116521243	1968.4664442193307	1945.8012980693186	1703.7624827310572	1372.3633483766373	1221.4493038124795	1174.9946414438798	1335.0088354241693
22.625000000000000	1151.6197951955864	1177.7060567468482	1213.3548823342971	1287.0537612801847	1328.9988540304967	1338.2322520205830	1277.0494685698789	1281.6638463275660	1310.7521189018930	1317.5601932050208	1315.5366850646153	1347.4360928988633	1425.5448703545183	1635.7210218783009	1816.3214124848657	2073.5586306374034	2387.2327852858230	2260.1030558453531	2217.6828985783591	2183.7909880446678	2065.8632489162364	2017.2276197125768	1972.8017256127387	1690.0333904313302	1305.2151893621237	1409.3923379186595	1621.1689609046416	1452.6268302884723
22.375000000000000	1212.8655288386396	1130.6428985945126	1157.8749250769158	1203.1525858190523	1316.3192319849709	1328.4092378171561	1352.2806677581352	1350.2228813564118	1361.9797812215249	1377.3014768149612	1388.2755263047306	1457.6454691454555	1616.3647787399045	1827.8804632122171	2060.8014097257687	2212.6215301223197	2292.9711383199738	2250.8964934408241	2252.2788203854843	2145.7167804990063	2113.7421591836105	2059.4181671024553	1991.2711973501489	1663.9992559053928	1275.9969545924971	1404.5818008666472	1569.2798567790114	1373.3500862506855
22.125000000000000	1234.3414099697475	1185.4859844869525	1183.3872931910882	1214.1280722437300	1255.4266698353831	1335.7045354619663	1415.9576620677694	1429.4878842202256	1428.4627730471282	1450.1504948692295	1443.5897811865523	1468.8902267527058	1683.4809331478375	2041.7923101420317	2227.8008507542208	2275.9600755791739	2304.0079687122616	-999.00000000000000	-999.00000000000000	2168.8589997784652	2135.4832851489787	2092.7407560627544	1974.1075071004423	1713.2641715310597	1385.4883343175516	1424.2117792957088	1578.4663991223133	1342.3067075402485
21.875000000000000	1250.3954778793850	1243.6533542232849	1279.9747517456919	1324.0099732847793	1329.6475292166865	1374.9281996405773	1397.7975641140727	1405.8828823300487	1433.6395537751046	1443.9023835770495	1433.4215518466369	1451.1118710452790	2531.9466862720383	2468.0263638592578	2236.3350960041789	-999.00000000000000	-999.00000000000000	-999.00000000000000	-999.00000000000000	2254.2776633729150	2253.0411501038884	2215.2140242497444	2147.1705102881888	1895.5831038759452	1660.5422681043144	1668.5668756755997	1673.1968967141383	1434.8775557285194
21.625000000000000	1223.8458364237151	1246.3991984266947	1312.3105175059609	-999.00000000000000	1314.7122647263006	1338.7339952663385	1353.1263659468216	1373.2465121966145	1386.1950587865572	-999.00000000000000	-999.00000000000000	-999.00000000000000	-999.00000000000000	-999.00000000000000	-999.00000000000000	-999.00000000000000	-999.00000000000000	-999.00000000000000	-999.00000000000000	2553.1813067825392	2528.7981255811237	2424.6809701200523	2373.2445961093777	2153.3272617310236	1783.1789202613145	1697.5301972038910	1731.2516632916959	1560.1015353970524
21.375000000000000	-999.00000000000000	-999.00000000000000	-999.00000000000000	-999.00000000000000	-999.00000000000000	-999.00000000000000	-999.00000000000000	-999.00000000000000	-999.00000000000000	-999.00000000000000	-999.00000000000000	-999.00000000000000	-999.00000000000000	-999.00000000000000	-999.00000000000000	-999.00000000000000	-999.00000000000000	-999.00000000000000	-999.00000000000000	-999.00000000000000	2806.7546313725752	2761.8111383597616	2651.3819648558601	2443.2106327544434	2015.1504043172627	1895.8010869237683	1767.7267314436788	1708.0750539818405
21.125000000000000	-999.00000000000000	-999.00000000000000	-999.00000000000000	-999.00000000000000	-999.00000000000000	-999.00000000000000	-999.00000000000000	-999.00000000000000	-999.00000000000000	-999.00000000000000	-999.00000000000000	-999.00000000000000	-999.00000000000000	-999.00000000000000	-999.00000000000000	-999.00000000000000	-999.00000000000000	-999.00000000000000	-999.00000000000000	-999.00000000000000	2936.2653579014163	2905.0851667791294	2812.2082940019127	2658.8938771035700	2324.7550600621066	2085.2692994277995	1893.5448672805751	1790.3645576022946
20.875000000000000	-999.00000000000000	-999.00000000000000	-999.00000000000000	-999.00000000000000	-999.00000000000000	-999.00000000000000	-999.00000000000000	-999.00000000000000	-999.00000000000000	-999.00000000000000	-999.00000000000000	-999.00000000000000	-999.00000000000000	-999.00000000000000	-999.00000000000000	-999.00000000000000	-999.00000000000000	-999.00000000000000	-999.00000000000000	-999.00000000000000	-999.00000000000000	3049.4915706714060	2950.0794224055376	2695.8944501439883	2479.4490193340434	2312.8959267199298	1975.7068977586423	1665.2535684164177
20.625000000000000	-999.00000000000000	-999.00000000000000	-999.00000000000000	-999.00000000000000	-999.00000000000000	-999.00000000000000	-999.00000000000000	-999.00000000000000	-999.00000000000000	-999.00000000000000	-999.00000000000000	-999.00000000000000	-999.00000000000000	-999.00000000000000	-999.00000000000000	-999.00000000000000	-999.00000000000000	-999.00000000000000	-999.00000000000000	-999.00000000000000	-999.00000000000000	3333.9194317890388	3148.7929252188414	3004.3789233054431	2718.9634109482122	2453.8103604607813	2202.6465632175632	1844.2624310823503
20.375000000000000	-999.00000000000000	-999.00000000000000	-999.00000000000000	-999.00000000000000	-999.00000000000000	-999.00000000000000	-999.00000000000000	-999.00000000000000	-999.00000000000000	-999.00000000000000	-999.00000000000000	-999.00000000000000	-999.00000000000000	-999.00000000000000	-999.00000000000000	-999.00000000000000	-999.00000000000000	-999.00000000000000	-999.00000000000000	-999.00000000000000	-999.00000000000000	-999.00000000000000	3202.3267295068940	3130.6554117351243	3047.5942934752957	2881.0375159356349	2620.0486116627235	2235.1586411567978
20.125000000000000	-999.00000000000000	-999.00000000000000	-999.00000000000000	-999.00000000000000	-999.00000000000000	-999.00000000000000	-999.00000000000000	-999.00000000000000	-999.00000000000000	-999.00000000000000	-999.00000000000000	-999.00000000000000	-999.00000000000000	-999.00000000000000	-999.00000000000000	-999.00000000000000	-999.00000000000000	-999.00000000000000	-999.00000000000000	-999.00000000000000	-999.00000000000000	-999.00000000000000	-999.00000000000000	3313.0233256547231	3283.6943925671912	3219.7326040351745	3017.1650408037262	2686.3800076252346
