xmlns:cpt=http://iri.columbia.edu/CPT/v10/
cpt:ncats=3
cpt:field=prcp, cpt:C=1, cpt:clim_prob=0.33333333333300003, cpt:T=2019-11/2020-01, cpt:nrow=32, cpt:ncol=28, cpt:row=Y, cpt:col=X, cpt:units=probability (%), cpt:missing=-1.0000000000000000              
	87.125000000000000	87.375000000000000	87.625000000000000	87.875000000000000	88.125000000000000	88.375000000000000	88.625000000000000	88.875000000000000	89.125000000000000	89.375000000000000	89.625000000000000	89.875000000000000	90.125000000000000	90.375000000000000	90.625000000000000	90.875000000000000	91.125000000000000	91.375000000000000	91.625000000000000	91.875000000000000	92.125000000000000	92.375000000000000	92.625000000000000	92.875000000000000	93.125000000000000	93.375000000000000	93.625000000000000	93.875000000000000
27.875000000000000	30.059592784589512	30.006591493761775	30.033886234018965	30.181818833492784	30.140563628138423	30.154729823477069	30.194467862779319	30.223924255992614	30.077780039940777	30.181122385564692	30.145706354335687	30.176544263575494	30.082078491032689	30.019212551411911	30.118466861446024	30.051418120720555	30.053076037241851	29.991440129213970	29.933910044780660	29.871542681330013	29.965933644703881	30.007894616225684	29.161136666610616	29.997540752187305	30.112955217264073	30.100940389216689	30.081028236265013	30.022344616222568
27.625000000000000	29.974239589707750	29.963524619680086	30.124727236526425	30.207605353500313	30.161057323843480	30.260893850923651	30.279977133293883	30.172533865387166	30.190990348160113	30.204566464481388	30.079953542431298	29.964102911136010	29.250359130494758	29.427262236953396	29.703431734239643	29.968919609375760	30.016255030960394	30.014551705525236	30.021409161134230	29.884483452370759	29.929750485324675	29.983194672756866	29.941790122766875	29.982633544738576	29.904027316855121	30.002864548506651	29.964744715239533	30.010892423196211
27.375000000000000	29.980063153223909	30.031665714032101	30.058065038627873	30.137462872095128	30.233801175966263	30.279034223916241	30.268534788077446	30.280718160742708	30.196018071329718	30.153945281613673	30.091897998064312	29.941418408249817	29.861046904684258	29.964646285072135	29.901057307551341	30.111999055413136	30.056956887837629	30.115967777155532	30.004447948395097	30.001868061371141	29.998016247970710	30.070685298277738	30.023318030262587	30.059001288478299	29.918795752082119	29.944584373976070	29.964891256343421	29.972676793386427
27.125000000000000	30.075167917218266	30.060881546151251	30.119892844394386	30.122804420902526	30.235603875572039	30.261584645705369	30.282723022637796	30.390800753169586	30.334454478566244	30.209742334999760	30.228672875396029	30.206274811371799	30.090503703632322	30.028313749604763	30.090660037447336	30.136321948831579	30.068632952963156	30.053207608501651	30.117927947037671	30.045793286148964	30.063031929998928	29.994688759714649	30.014741772410787	29.906168819438633	29.932709218135528	29.921851239448813	29.915980213404907	29.929648260306109
26.875000000000000	30.220593848550152	30.061152650616634	30.203122845253532	30.265487763580367	30.325881876545225	30.270648725164477	30.240073900196762	30.277329638984966	30.312353154468909	30.331822128234791	30.190212298328944	30.247393254583443	30.173822781876794	30.153575145786078	30.132441910413249	30.063052741551260	30.036311434380522	29.993647605612267	29.989594525390743	30.030489207042592	29.957248527071044	30.017264873344445	30.053701700618916	30.043082463016589	30.046040958015880	29.992240617933746	30.028861857846294	30.032939619286481
26.625000000000000	30.226707027868684	30.243032195821840	30.102999034319012	30.218060891543701	30.250085982715930	30.252138040795657	30.374928728547161	30.413363347824969	30.493215933897176	30.465705802344516	30.322552739690551	30.144145919245261	30.158375631071507	30.064076053832338	30.109435249978617	30.080878836681890	30.083344263133128	30.111857879458597	30.058391516028379	30.078456637855865	30.071219176146926	30.031917688350291	29.992472875235592	30.083292437653043	30.041147878860869	30.065355198093641	30.033788250421537	30.096672067929546
26.375000000000000	30.247181499489287	30.297785023887300	30.333477920709910	30.304157501260391	30.293622477262431	30.404187858630962	30.410635787343040	30.408642708795171	30.334311953696385	30.252500744810931	30.229720797810415	30.215412867573676	30.297964841187920	30.100210311311756	30.140935396429740	30.199083728140351	30.136474351974414	30.139952221999650	30.038924407150333	30.017657860497707	29.956567707307300	29.945041256401367	30.024404003191549	30.077741849547166	30.045662419227853	30.053735699309314	30.016647769291140	30.016284207868921
26.125000000000000	30.218685917608397	30.302396425164176	30.311014095778162	30.329971857068827	30.350730812650340	30.383621593232647	30.387558318962277	30.390553346356214	30.401217245191788	30.371604630662233	30.265400303961812	30.352289670069169	30.210814350910880	30.234597678915065	30.235238879362413	30.208137579710836	30.181344164787944	30.118631360840936	30.112818941253295	30.048221533736225	30.070144662266955	30.019136464317043	30.093342373060821	30.068176351957931	30.178322891524317	30.058655940722105	30.049184373034166	30.137007002165035
25.875000000000000	30.315286072444366	30.291972827287921	30.327358670269106	30.310522919032024	30.308442040522181	30.282809650234967	30.337927162112592	30.360415394480384	30.329077379183019	30.356669927106282	30.498008269490541	30.473400737510630	30.418339691105402	30.418003582707328	30.251525554750529	30.271248097937558	30.190548852947742	30.210540106701472	30.141478454671230	30.168429754681085	30.068812782095989	30.047993331923479	30.099331645504336	30.122901942636815	30.222613198802406	30.247222785896057	30.209513060534675	30.284629767252568
25.625000000000000	30.289167542353283	30.270797836563929	30.291896690930997	30.259324973962805	30.266616956969003	30.311037017884772	30.275469480306029	30.329954327202060	30.352467351921177	30.432397626062013	30.473007717065798	30.372137242688680	30.349423169027574	30.345601474543898	30.177131422633337	30.134734621663966	30.128967063304827	30.190262521219907	30.260468581242762	30.401882267933161	30.206495861285859	30.161695978433684	30.272318564154915	30.257797877996779	30.340897898157380	30.315782089358436	30.285312575593721	30.293743993858172
25.375000000000000	30.072024935686187	30.132361133770402	30.219948773870613	30.276515580303993	30.268298177018991	30.323129321577923	30.361614459870466	30.330489455476965	30.395900678777735	30.373374948436719	30.350084115845874	30.231688571166401	30.275565210686040	30.224919780355080	30.210090567893857	30.281600038815853	30.230631992746581	30.245675391639139	30.309112416785737	30.314303373509262	30.338733004081149	30.334272390527957	30.307290257640759	30.417934982017840	30.289802075056173	30.357245952839079	30.312686917878565	30.249097283746821
25.125000000000000	30.002393900742589	30.131241762686301	30.192024023652252	30.329743165292442	30.349550818642967	30.351354452633814	30.362099220443241	30.299318862459884	30.337397464537403	30.344117465162014	30.327848806371605	30.325895596596979	30.323939022007735	30.244010420988900	30.285158546439277	30.312131405526884	30.286628177108483	30.330517271775363	30.305739839239976	30.324415755824504	30.309556731689796	30.339025989229370	30.321605372038078	30.432650408921560	30.341333347902847	30.299113324541821	30.274986388075192	30.202927602601179
24.875000000000000	30.016005303519847	30.115063212157466	30.184057679142285	30.282649182802345	30.305923946946336	30.279491220471456	30.285301968152623	30.214739248811213	30.215150814959998	30.249438185610472	30.395575350316719	30.475126006339906	30.517424072418308	30.411398794432799	30.418471085814986	30.351113052398233	30.269481015816908	30.293966907877788	30.306549143775115	30.241772841736108	30.260223609918185	30.303615883188442	30.353354831465126	30.275099022898715	30.242600401956437	30.289195177295397	30.303089916617637	30.243105481867659
24.625000000000000	30.080684264570905	30.080473128562417	30.105253781039750	30.189489659719086	30.245064551800638	30.218025978846185	30.242447533296485	30.199626613935351	30.261147627799474	30.315105774028382	30.494913412613613	30.345834317760250	30.402864646233368	30.307019891722348	30.370532623839395	30.357474888753487	30.387899651837387	30.330479115313864	30.301841467277228	30.218644729568439	30.417389379005158	30.298624976933567	30.282148984960571	30.276184537850597	30.209622720657165	30.235397520500399	30.246915295486303	30.250914938221911
24.375000000000000	29.956303624856702	29.925601304878981	30.063316167201947	30.127969981396532	30.110527979933252	30.090223896945957	30.221316551881728	30.197302323011101	30.199153639969765	30.242016842022366	30.334499252599869	30.295811984959897	30.243007973616983	30.345065771036488	30.345638441180455	30.324740388204745	30.297377817426565	30.358776676537417	30.220549852843888	30.265012249360936	30.221703070016332	30.333020347001366	30.310773932745747	30.298280809738088	30.293603174660916	30.265892946232825	30.230743148516950	30.220810519098308
24.125000000000000	29.831903551787065	29.909508098125613	29.939217439843972	30.122135742770425	30.096406133131453	30.075969982971685	30.167266591631702	30.157796033892524	30.149554199803760	30.194720093240704	30.220404346736387	30.326804188182322	30.260222677769846	30.313402206221866	30.338072740998484	30.316812012856701	30.316878303966874	30.234548910316320	30.194279806090833	30.280096618883334	30.343070834625195	30.366725491871577	30.405776044105593	30.404830855894829	30.397235167550065	30.328011305235393	30.274448794186839	30.231148720036856
23.875000000000000	29.782397979604951	29.881211418287279	29.908526588699161	29.934607771384790	29.996096203350390	30.062859102534830	30.102961706153252	30.151386611553249	29.939265122680055	30.080461177269527	30.244256434769554	30.210400117893457	30.333474762807938	30.325319787307564	30.359571342950247	30.271668293658678	30.350685595844496	30.286693545464914	30.261932517765345	30.203529568285845	30.270821178432840	30.314613922709270	30.355806443475856	30.424699448777517	30.376821651228568	30.390053122943741	30.411677017650064	30.359089125008836
23.625000000000000	29.757896690987735	29.797665745381934	29.756312825162240	29.898885977150613	29.965127166481679	30.006425448868740	30.033907756959110	30.053640227844426	30.078691226258329	30.091497956993223	30.129526617813724	30.264750933029717	30.324358283734526	30.313995545566641	30.322564164190084	30.201918124305379	30.246533462039864	30.328813493527875	30.351429834564243	30.350383878881232	30.205427565801372	30.176929403710446	30.278910153941879	30.360948847438365	30.491518051276628	30.470388596424513	30.422834917119872	30.429477398657156
23.375000000000000	29.830072807628966	29.708572750634261	29.818264380977141	30.001997918390558	29.987473039933818	30.114754372395424	30.078630749300288	30.087832438781930	30.133861515577934	30.208542306765153	30.213114463024368	30.262930542812583	30.236733413678166	30.315494400213566	30.235331659465615	30.261635358961698	30.249992835417032	30.359686488705194	30.299855440057996	30.383196517598506	30.350375443927618	30.293514560608131	30.344185691389399	30.382701246274507	30.487065021547565	30.539371302936686	30.480748853392626	30.423610508237601
23.125000000000000	29.864908276073933	29.721309388784391	29.989253640360644	30.090547311182618	30.025409989630731	30.113374703686361	30.254833155926050	30.255533548544818	30.214974005528205	30.177140655605740	30.147759935171166	30.170916457414165	30.143239716227413	30.219988739610585	30.291706590229467	30.310480142440838	30.234306668633053	30.303912197952613	30.322004250498551	30.418142367116957	30.389450108067422	30.456311302874937	30.402173450889464	30.449905396529431	30.484929788183067	30.587515155939457	30.517058618124480	30.516520699773309
22.875000000000000	29.848767496420564	29.881630148862101	29.899961743457794	30.051007438113373	30.099789726109975	30.204536661512677	30.216425980004175	30.238267911782827	30.195090809480021	30.066803124055056	30.039238862062362	30.176081254371184	30.213464228187703	30.277472471832652	30.355781382035346	30.317503219076372	30.315318794484639	30.425361720357728	30.364074342747188	30.400055716758374	30.413464965528448	30.408217438681220	30.405252773698209	30.438887912508832	30.544712981271388	30.556073161664330	30.588071045066400	30.542214272069401
22.625000000000000	29.870716333052087	29.871594086728734	29.881181253725188	30.062350312002437	30.055448706865889	29.995301886150827	30.111249892745320	30.184883998257902	29.973233761798994	30.048768846614976	30.157443264598527	30.271035919677374	30.302608799936962	30.295016015792484	30.368628363707657	30.305503494629349	30.395058903392339	30.408888185416629	30.393142350585052	30.402258339484789	30.410572662856907	30.361186485090514	30.368154657021975	30.476242653299579	30.544099399084729	30.561403455407770	30.582052340722825	30.526183492876413
22.375000000000000	29.778971376749837	29.634379378607093	29.964550644891403	30.065924609243126	30.006826274245313	30.065913216599995	30.143418408489495	30.173261365545329	30.134674637551356	30.194564310494783	30.254889545456095	30.301007235805272	30.347302341935631	30.358044743405699	30.381977535126708	30.404924752143771	30.404014659978159	30.439154181925375	30.443473064684412	30.347898031330118	30.374532743221778	30.354296699894860	30.385067451680584	30.428997859111078	30.404372524697436	30.498834904165889	30.542171009052481	30.466457806625243
22.125000000000000	29.874110121200999	29.919265687705135	30.062364045737425	30.089725782752438	29.991415251504833	30.146110745923906	30.190568815280415	30.141658961302113	30.152071767944406	30.137172651823462	30.248089791294802	30.290290230792124	30.404305757674294	30.379804922115156	30.371910257517200	30.402428918547983	30.394639782253677	-1.0000000000000000	-1.0000000000000000	30.391126311232625	30.367912168006100	30.401422049522651	30.367226243638228	30.389694760965511	30.428199049350326	30.491530507176009	30.470764922329764	30.467763211346252
21.875000000000000	29.955818603109464	30.010418288547044	30.145252949597946	30.166448550190012	30.054234457457298	30.210222311892679	30.133017704493142	30.147693546523129	30.103418178159941	30.240000818861645	30.241936204776295	30.196609430467177	30.327762015347517	30.338428250136261	30.304342334756740	-1.0000000000000000	-1.0000000000000000	-1.0000000000000000	-1.0000000000000000	30.363128209919779	30.325028317424625	30.346249574388111	30.362384084231195	30.366758544204345	30.344745160715547	30.436026090344257	30.511193979387755	30.499145609064755
21.625000000000000	30.008620615851029	30.044193307322089	30.142831607797135	-1.0000000000000000	30.149503181162743	30.107060607132993	30.119065435136932	30.148750877219669	30.180215445927885	-1.0000000000000000	-1.0000000000000000	-1.0000000000000000	-1.0000000000000000	-1.0000000000000000	-1.0000000000000000	-1.0000000000000000	-1.0000000000000000	-1.0000000000000000	-1.0000000000000000	30.362717307099118	30.360568825237792	30.312077252189141	30.328835870562500	30.304566859008332	30.367141643767127	30.377450493540479	30.437876973311731	30.419507145969590
21.375000000000000	-1.0000000000000000	-1.0000000000000000	-1.0000000000000000	-1.0000000000000000	-1.0000000000000000	-1.0000000000000000	-1.0000000000000000	-1.0000000000000000	-1.0000000000000000	-1.0000000000000000	-1.0000000000000000	-1.0000000000000000	-1.0000000000000000	-1.0000000000000000	-1.0000000000000000	-1.0000000000000000	-1.0000000000000000	-1.0000000000000000	-1.0000000000000000	-1.0000000000000000	30.332041890130114	30.314085057188535	30.273093364016006	30.260805728376312	30.274548881983591	30.245742577790608	30.283642432472504	30.299988279349094
21.125000000000000	-1.0000000000000000	-1.0000000000000000	-1.0000000000000000	-1.0000000000000000	-1.0000000000000000	-1.0000000000000000	-1.0000000000000000	-1.0000000000000000	-1.0000000000000000	-1.0000000000000000	-1.0000000000000000	-1.0000000000000000	-1.0000000000000000	-1.0000000000000000	-1.0000000000000000	-1.0000000000000000	-1.0000000000000000	-1.0000000000000000	-1.0000000000000000	-1.0000000000000000	30.312462583323878	30.285707055492537	30.197533688439677	30.187512892261154	30.159586526389646	30.175353860848887	30.213579252296199	30.228697197647108
20.875000000000000	-1.0000000000000000	-1.0000000000000000	-1.0000000000000000	-1.0000000000000000	-1.0000000000000000	-1.0000000000000000	-1.0000000000000000	-1.0000000000000000	-1.0000000000000000	-1.0000000000000000	-1.0000000000000000	-1.0000000000000000	-1.0000000000000000	-1.0000000000000000	-1.0000000000000000	-1.0000000000000000	-1.0000000000000000	-1.0000000000000000	-1.0000000000000000	-1.0000000000000000	-1.0000000000000000	30.237584167809345	30.196722276553899	30.244767813652800	30.259126006529030	30.181518107941500	30.250246697917788	30.255867630338500
20.625000000000000	-1.0000000000000000	-1.0000000000000000	-1.0000000000000000	-1.0000000000000000	-1.0000000000000000	-1.0000000000000000	-1.0000000000000000	-1.0000000000000000	-1.0000000000000000	-1.0000000000000000	-1.0000000000000000	-1.0000000000000000	-1.0000000000000000	-1.0000000000000000	-1.0000000000000000	-1.0000000000000000	-1.0000000000000000	-1.0000000000000000	-1.0000000000000000	-1.0000000000000000	-1.0000000000000000	30.290579172865762	30.331823710075156	30.334406285138755	30.288657739260373	30.270339152236460	30.313011774190016	30.250099041642684
20.375000000000000	-1.0000000000000000	-1.0000000000000000	-1.0000000000000000	-1.0000000000000000	-1.0000000000000000	-1.0000000000000000	-1.0000000000000000	-1.0000000000000000	-1.0000000000000000	-1.0000000000000000	-1.0000000000000000	-1.0000000000000000	-1.0000000000000000	-1.0000000000000000	-1.0000000000000000	-1.0000000000000000	-1.0000000000000000	-1.0000000000000000	-1.0000000000000000	-1.0000000000000000	-1.0000000000000000	-1.0000000000000000	30.278784536750720	30.327978658806003	30.291369090925627	30.207234781588127	30.242621470577078	30.245917763215530
20.125000000000000	-1.0000000000000000	-1.0000000000000000	-1.0000000000000000	-1.0000000000000000	-1.0000000000000000	-1.0000000000000000	-1.0000000000000000	-1.0000000000000000	-1.0000000000000000	-1.0000000000000000	-1.0000000000000000	-1.0000000000000000	-1.0000000000000000	-1.0000000000000000	-1.0000000000000000	-1.0000000000000000	-1.0000000000000000	-1.0000000000000000	-1.0000000000000000	-1.0000000000000000	-1.0000000000000000	-1.0000000000000000	-1.0000000000000000	30.366258060729749	30.275972900042419	30.225835420543319	30.171330934159286	30.199173196998103
cpt:C=2, cpt:clim_prob=0.33333333333400000
	87.125000000000000	87.375000000000000	87.625000000000000	87.875000000000000	88.125000000000000	88.375000000000000	88.625000000000000	88.875000000000000	89.125000000000000	89.375000000000000	89.625000000000000	89.875000000000000	90.125000000000000	90.375000000000000	90.625000000000000	90.875000000000000	91.125000000000000	91.375000000000000	91.625000000000000	91.875000000000000	92.125000000000000	92.375000000000000	92.625000000000000	92.875000000000000	93.125000000000000	93.375000000000000	93.625000000000000	93.875000000000000
27.875000000000000	34.121550803830196	34.214209605389712	34.166489778504783	33.907936431471477	33.980027911907975	33.955271999116782	33.885834940053897	33.834369920528566	34.027682021731124	33.909153354547485	33.971040679662572	33.917152909523544	34.082245686338453	34.192143439505770	34.018645217675129	34.135840923434039	34.132942688442547	34.240700959723810	34.341302180074976	34.450385417052217	34.285300894307269	34.211931231313237	35.006246980465697	34.230034174754806	34.028278080790514	34.049277394650005	34.084081467369749	34.186667611434565
27.625000000000000	34.270776906400357	34.289513456969082	34.007704000895906	33.862880996138415	33.944214870551754	33.769785587335598	33.736451130008255	33.924160560476523	33.891911061039103	33.868190477560994	34.085959973397642	34.226089049550204	35.042291953644053	34.906721083278093	34.571142792117257	34.280079510946507	34.197314165004208	34.200292166607305	34.188303072929536	34.427749454140198	34.348576678325429	34.255118297206309	34.327521300201845	34.256099455492851	34.393565354518813	34.220725839332871	34.287379921715704	34.206689917433984
27.375000000000000	34.260593928793305	34.170371777229413	34.124221423409324	33.985446753003870	33.817114544386008	33.738098141530394	33.756438222231914	33.735156756210216	33.883126346901236	33.956642980928819	34.065082116573777	34.328171355303255	34.468745369038075	34.287552042508658	34.398760033408919	34.029949211983215	34.126158566746469	34.023012917973290	34.217957394285591	34.222468123425429	34.229202792059752	34.102160651287143	34.184965791812765	34.122584783651057	34.367735516330562	34.322634735449959	34.287123671414307	34.273509619421574
27.125000000000000	34.094325070508695	34.119297958850396	34.016153015476327	34.011064467742706	33.813965219564722	33.768578876571212	33.731654823334942	33.542909093575730	33.641302825748987	33.859147341701650	33.826073817735050	33.865205683774150	34.067519175381484	34.176231868304434	34.067245922100696	33.987440630500139	34.105748175070346	34.132712686977406	34.019587086084925	34.145673928295523	34.115538960818938	34.235020782846590	34.199959863109221	34.389819804920712	34.343402249940702	34.362391670228511	34.372659759332002	34.348755457196262
26.875000000000000	33.840188409597367	34.118824050660159	33.870712757634095	33.761760792510714	33.656274259363222	33.752745610565256	33.806156150176861	33.741075610991587	33.679902100688018	33.645899989460879	33.893270526186662	33.793369603692589	33.921908335314605	33.957289792187829	33.994221445153030	34.115502581134521	34.162249984339446	34.236841216532895	34.243927996625501	34.172428604453259	34.300488369917815	34.195548619919265	34.131848958941262	34.150412899305778	34.145240958813602	34.239301312340345	34.175273630187824	34.168144683194271
26.625000000000000	33.829508246351878	33.800988116417912	34.045679266700120	33.844613733825717	33.788665623807361	33.785080872552548	33.570623421611437	33.503514879339498	33.364116944602571	33.412136841704239	33.662088476970645	33.973767619473158	33.948901023280861	34.113713780907467	34.034430128720260	34.084342609243791	34.080033203196706	34.030195952631189	34.123650714141512	34.088576492513646	34.101227430722645	34.169931264476041	34.238895213261543	34.080123790401700	34.153794902754349	34.111477782835394	34.166661076570342	34.056737707451603
26.375000000000000	33.793739524705529	33.705346496755141	33.643008291576400	33.694216301905335	33.712616949857633	33.519534885051378	33.508277028912666	33.511756847215366	33.580234238423074	33.722887314661129	33.824243057287134	33.849240132961121	33.705032423769602	34.050553440992061	33.979378218399951	33.877769938338055	33.987174290307522	33.981096392708466	34.157681962413903	34.194861547528980	34.301678924321649	34.321835747628306	34.183067192393352	34.089825913862775	34.145902704464064	34.131789525499983	34.196627525192895	34.197263153839160
26.125000000000000	33.843521748392327	33.697292180075038	33.682240819552568	33.649131347020429	33.612878593751091	33.555444521800162	33.548570623216200	33.543341081928283	33.524721555046938	33.576427859111917	33.761913568601749	33.610156361287956	33.857274365900892	33.815723047500853	33.814602868095662	33.861951107743700	33.908765833145154	34.018357720086748	34.028516256749207	34.141428984857995	34.103105686892526	34.192276464277462	34.062557535535284	34.106546322522945	33.914045019106418	34.123188478573795	34.139745806422461	33.986243430340181
25.875000000000000	33.674779681412133	33.715498316548356	33.653695113678594	33.683098681838366	33.686733045905974	33.731503509703749	33.635238159228280	33.595966646367422	33.650693491855755	33.602507197252834	33.355752215335542	33.398704609607364	33.494826610606211	33.495413422392645	33.786150825037367	33.751698634987818	33.892682473072576	33.857753511825962	33.978429184127016	33.931332063342907	34.105433830594173	34.141827914540023	34.052089196892815	34.010894030391697	33.836660434620057	33.793667400282871	33.859547920174222	33.728324296424248
25.625000000000000	33.720398214654089	33.752485144754658	33.715631300769410	33.772526181467533	33.759788300616655	33.682200785097564	33.744324847627922	33.649161961695057	33.609846076424809	33.470283460809448	33.399390655168325	33.575497823912166	33.615162142862026	33.621836059137209	33.916126933405877	33.990214656687485	34.000294219343466	33.893182772994507	33.770528468589369	33.523560425469789	33.864819470528936	33.943098853219396	33.749828765687859	33.775193804734712	33.630050147333279	33.673913379798591	33.727131634671274	33.712404703135412
25.375000000000000	34.099818963268966	33.994362612630447	33.841315414611636	33.742497567373086	33.756851534583767	33.661081492694187	33.593872787109369	33.648227398777820	33.534004374141666	33.573336576408195	33.614007924562621	33.820805300136136	33.744157629846519	33.832630672641869	33.858538924795262	33.733616358928806	33.822651170374755	33.796370595296381	33.685562195554908	33.676495985473942	33.633830853685787	33.641620824831094	33.688744706677454	33.495533192446764	33.719289893280880	33.601501302455198	33.679319171399598	33.790392796436016
25.125000000000000	34.221548731392531	33.996318860355991	33.890104953875507	33.649530741206952	33.614939226807216	33.611789529594951	33.593026279918050	33.702667465695299	33.636163214110823	33.624427643794917	33.652839118620932	33.656250297925062	33.659667376727391	33.799279204660067	33.727400677244916	33.680289393222580	33.724833680627562	33.648178819666946	33.691452621920305	33.658834778173023	33.684786175744740	33.633319191525011	33.663743032649656	33.469842148785148	33.629289694308284	33.703026461233222	33.745168693561801	33.871053885021091
24.875000000000000	34.135490983771341	34.024593853984427	33.904024453425855	33.731783800440354	33.691131064049408	33.737299889606788	33.727150162673674	33.850417028367531	33.849697971005334	33.789797269336837	33.534572408888600	33.395693039182063	33.321864511739783	33.506944861895818	33.494597208713763	33.612211087188989	33.754785354380566	33.712015351034360	33.690039112580578	33.803188155250631	33.770956396617485	33.695162284705461	33.608296278506572	33.744971947489923	33.801742441130159	33.720349945386076	33.696080932498383	33.800860089061686
24.625000000000000	34.084682710302303	34.085051764380779	34.041738419453857	33.894533176124391	33.797437695924600	33.844674730003341	33.802009496162846	33.876821397765973	33.769342278370758	33.675094575897489	33.361154083507792	33.560146106550370	33.521845197990771	33.689216918806700	33.578299778591479	33.601101519748525	33.547974627836517	33.648245457110136	33.698261467931623	33.843593708101785	33.496485762625802	33.703879417339905	33.732657504090753	33.743075816672018	33.859356326690502	33.814325721861941	33.794204564455434	33.787217513922812
24.375000000000000	34.302140727969913	34.355833132113396	34.115042099518426	34.002036771012342	34.032520294030689	34.068008245219112	33.838925783161571	33.880882456456384	33.877647786935597	33.802761896221348	33.641224632276419	33.647361048622045	33.801030431504465	33.622771577970255	33.621771502997213	33.658267820118716	33.706057733538799	33.598828259672857	33.840265274077375	33.762591430166147	33.838250503204804	33.643807402705299	33.682660274912223	33.704480546388517	33.712650664716683	33.761053012508405	33.822456978006976	33.839809866714795
24.125000000000000	34.519728581623596	34.383979367382224	34.332020430875403	34.012233108591005	34.057202520761685	34.092923079224931	33.933364587401421	33.949913852336543	33.964316437208161	33.885394230806305	33.778864464256792	33.654663487111712	33.770958024940946	33.678069897937092	33.634983923020805	33.672114606379857	33.671998828400596	33.815808246514045	33.886163522036860	33.736242420894079	33.626255424325258	33.584947781264091	33.516761946137230	33.518412223340597	33.531674317211881	33.652555323839991	33.746107742440728	33.821748433386830
23.875000000000000	34.606345525670271	34.433472789035925	34.385696031671365	34.340081962580619	34.232559911089481	34.115841072388562	34.045744509145628	33.961114266339123	34.269450500060117	34.085072654588622	33.798849431470856	33.857998093526902	33.643013806562436	33.657255923289661	33.597440570418769	33.750964644554273	33.612957556069802	33.724719502345778	33.767971199420856	33.870002133094168	33.752444371500516	33.675953604229555	33.604015074057884	33.483723234378317	33.567318087849458	33.544214505590396	33.506459100836125	33.598282644885693
23.625000000000000	34.649219656474621	34.579630789077335	34.651991349578033	34.402557821960357	34.286711145498373	34.214499918365703	34.166452151418916	34.131956420114065	34.088166442060540	34.065781338985857	33.999316315742014	33.763047903290833	33.658935151049377	33.677033614553828	33.662068524379556	33.872817646221179	33.794871601494407	33.651154351137492	33.611657890088381	33.613484446123124	33.866685974189508	33.916479932219964	33.738314859127165	33.595035106935164	33.367080527817990	33.403962542814043	33.486978458603744	33.475381664310596
23.375000000000000	34.522931452055012	34.735541723272917	34.543590692119800	34.222241077679172	34.247637438358069	34.025133623862331	34.088272153153625	34.072188258037073	33.991740510722458	33.861243982896497	33.853255741706093	33.766227812489234	33.811991921137533	33.674415833391990	33.814440781139950	33.768490288534103	33.788828343927818	33.597239497019537	33.701730272604955	33.556186749953412	33.613499176138554	33.712805442343772	33.624308497327860	33.557051548759162	33.374853186653972	33.283561229444700	33.385878112052701	33.485624377170566
23.125000000000000	34.461990706244293	34.713249802197872	34.244524036147730	34.067442954452979	34.181308439318698	34.027544925461143	33.780372800219077	33.779149297863107	33.850006878995323	33.916110800129488	33.967451965193597	33.926986798962780	33.975351262233019	33.841245590701099	33.715963341943485	33.683173393148238	33.816231444295155	33.694644745126290	33.663046399991437	33.495171118554588	33.545267412041909	33.428536300937850	33.523052020917739	33.439719039640451	33.378580228167309	33.199548419463760	33.322502342984720	33.323441179014274
22.875000000000000	34.490226247808906	34.432740355501295	34.400676237782676	34.136558848020499	34.051288550611027	33.868242548943606	33.847470105257763	33.809311171647309	33.884746498185656	34.108946759366248	34.157132232410561	33.917961953084877	33.852644654852348	33.740826118236463	33.604058838202619	33.670907410227457	33.674722531790565	33.482567001303181	33.589577261455680	33.526749589814344	33.503337462060493	33.512499351246340	33.517675563753762	33.458952744344060	33.274239126661669	33.254414314286052	33.198578452246636	33.278599762072758
22.625000000000000	34.451830898760512	34.450295496797864	34.433525552210661	34.116730466277836	34.128795009534834	34.233948748692846	34.031258564411011	33.902580617857005	34.272535700094501	34.140472204312758	33.950530307324847	33.752069264615379	33.696921247396247	33.710182933881214	33.581624981176660	33.691865415748708	33.535474144385375	33.511328255678983	33.538820530675174	33.522903805785205	33.508387240834026	33.594620133980420	33.582452167076404	33.393743867775569	33.275309919395731	33.245112605919033	33.209080546151114	33.306576839513866
22.375000000000000	34.612341416850235	34.865416856293024	34.287719284623904	34.110482431383822	34.213799115362391	34.110502346119944	33.975038986659918	33.922889340984781	33.990319485724406	33.885666421900339	33.780274294326858	33.699718537726916	33.618865782983740	33.600106404050003	33.558315231543141	33.518248282378018	33.519837287221229	33.458487897615811	33.450948155286937	33.617825516693657	33.571314875531925	33.606651506918261	33.552919904263661	33.476218860894107	33.519212461152335	33.354309388760868	33.278675263078100	33.410824132057314
22.125000000000000	34.445894374931171	34.366913626112179	34.116706458931340	34.068878892605255	34.240744458239689	33.970333987187317	33.892647593430631	33.978113735894112	33.959916949091181	33.985953941196762	33.792152805763067	33.718437246311545	33.519329035247409	33.562108882248992	33.575894180130206	33.522605975584362	33.536205946622019	-1.0000000000000000	-1.0000000000000000	33.542340648627885	33.582875601550967	33.524363966443055	33.584073365031401	33.544840230585436	33.477613453415394	33.367058786503343	33.403305632892263	33.408545406521313
21.875000000000000	34.302988891522858	34.207518882566525	33.971833026006571	33.934794047059896	34.130917642349161	33.858308747776661	33.993215172774924	33.967567981603040	34.044946684566533	33.806283821255207	33.802902766320358	33.882093101831686	33.652990694143831	33.634363069135510	33.693893474624936	-1.0000000000000000	-1.0000000000000000	-1.0000000000000000	-1.0000000000000000	33.591229424368414	33.657764963263119	33.620704260733035	33.592528840688061	33.584890065003343	33.623331472447674	33.463948871196941	33.332738067372247	33.353767078559159
21.625000000000000	34.210661901032033	34.148470952699384	33.976064457214612	-1.0000000000000000	33.964405593448973	34.038580470534249	34.017599083967568	33.965720263622273	33.910738080139673	-1.0000000000000000	-1.0000000000000000	-1.0000000000000000	-1.0000000000000000	-1.0000000000000000	-1.0000000000000000	-1.0000000000000000	-1.0000000000000000	-1.0000000000000000	-1.0000000000000000	33.591946955738912	33.595698718536376	33.680383974027436	33.651115271073159	33.693501324372157	33.584221093811607	33.566220037334467	33.460717621475204	33.492788355937826
21.375000000000000	-1.0000000000000000	-1.0000000000000000	-1.0000000000000000	-1.0000000000000000	-1.0000000000000000	-1.0000000000000000	-1.0000000000000000	-1.0000000000000000	-1.0000000000000000	-1.0000000000000000	-1.0000000000000000	-1.0000000000000000	-1.0000000000000000	-1.0000000000000000	-1.0000000000000000	-1.0000000000000000	-1.0000000000000000	-1.0000000000000000	-1.0000000000000000	-1.0000000000000000	33.645516193430154	33.676877280243723	33.748475364875375	33.769939523891999	33.745932912691913	33.796253225249991	33.730048879676069	33.701498254119116
21.125000000000000	-1.0000000000000000	-1.0000000000000000	-1.0000000000000000	-1.0000000000000000	-1.0000000000000000	-1.0000000000000000	-1.0000000000000000	-1.0000000000000000	-1.0000000000000000	-1.0000000000000000	-1.0000000000000000	-1.0000000000000000	-1.0000000000000000	-1.0000000000000000	-1.0000000000000000	-1.0000000000000000	-1.0000000000000000	-1.0000000000000000	-1.0000000000000000	-1.0000000000000000	33.679710979350503	33.726442597670513	33.880478207575194	33.897987152985934	33.946785025870227	33.919232973749494	33.852443692403369	33.826031325758713
20.875000000000000	-1.0000000000000000	-1.0000000000000000	-1.0000000000000000	-1.0000000000000000	-1.0000000000000000	-1.0000000000000000	-1.0000000000000000	-1.0000000000000000	-1.0000000000000000	-1.0000000000000000	-1.0000000000000000	-1.0000000000000000	-1.0000000000000000	-1.0000000000000000	-1.0000000000000000	-1.0000000000000000	-1.0000000000000000	-1.0000000000000000	-1.0000000000000000	-1.0000000000000000	-1.0000000000000000	33.810505662274387	33.881895933119011	33.797956080519533	33.772873748972508	33.908461897333062	33.788384868639781	33.778565697867613
20.625000000000000	-1.0000000000000000	-1.0000000000000000	-1.0000000000000000	-1.0000000000000000	-1.0000000000000000	-1.0000000000000000	-1.0000000000000000	-1.0000000000000000	-1.0000000000000000	-1.0000000000000000	-1.0000000000000000	-1.0000000000000000	-1.0000000000000000	-1.0000000000000000	-1.0000000000000000	-1.0000000000000000	-1.0000000000000000	-1.0000000000000000	-1.0000000000000000	-1.0000000000000000	-1.0000000000000000	33.717932560543439	33.645897226906108	33.641386990872135	33.721288675900297	33.753286368870306	33.678751799309509	33.788642811017581
20.375000000000000	-1.0000000000000000	-1.0000000000000000	-1.0000000000000000	-1.0000000000000000	-1.0000000000000000	-1.0000000000000000	-1.0000000000000000	-1.0000000000000000	-1.0000000000000000	-1.0000000000000000	-1.0000000000000000	-1.0000000000000000	-1.0000000000000000	-1.0000000000000000	-1.0000000000000000	-1.0000000000000000	-1.0000000000000000	-1.0000000000000000	-1.0000000000000000	-1.0000000000000000	-1.0000000000000000	-1.0000000000000000	33.738534279399410	33.652612338910629	33.716552838806784	33.863528448395769	33.801705635159109	33.795947187288959
20.125000000000000	-1.0000000000000000	-1.0000000000000000	-1.0000000000000000	-1.0000000000000000	-1.0000000000000000	-1.0000000000000000	-1.0000000000000000	-1.0000000000000000	-1.0000000000000000	-1.0000000000000000	-1.0000000000000000	-1.0000000000000000	-1.0000000000000000	-1.0000000000000000	-1.0000000000000000	-1.0000000000000000	-1.0000000000000000	-1.0000000000000000	-1.0000000000000000	-1.0000000000000000	-1.0000000000000000	-1.0000000000000000	-1.0000000000000000	33.585764014146761	33.743445495931596	33.831030993078336	33.926262545957499	33.877613616494216
cpt:C=3, cpt:clim_prob=0.33333333333299997
	87.125000000000000	87.375000000000000	87.625000000000000	87.875000000000000	88.125000000000000	88.375000000000000	88.625000000000000	88.875000000000000	89.125000000000000	89.375000000000000	89.625000000000000	89.875000000000000	90.125000000000000	90.375000000000000	90.625000000000000	90.875000000000000	91.125000000000000	91.375000000000000	91.625000000000000	91.875000000000000	92.125000000000000	92.375000000000000	92.625000000000000	92.875000000000000	93.125000000000000	93.375000000000000	93.625000000000000	93.875000000000000
27.875000000000000	35.818856411580292	35.779198900848513	35.799623987476252	35.910244735035739	35.879408459953602	35.889998177406149	35.919697197166784	35.941705823478820	35.894537938328099	35.909724259887824	35.883252966001741	35.906302826900962	35.835675822628858	35.788644009082319	35.862887920878848	35.812740955845406	35.813981274315601	35.767858911062220	35.724787775144364	35.678071901617770	35.748765460988849	35.780174152461079	35.832616352923687	35.772425073057889	35.858766701945413	35.849782216133306	35.834890296365238	35.790987772342866
27.625000000000000	35.754983503891893	35.746961923350831	35.867568762577669	35.929513650361272	35.894727805604767	35.969320561740751	35.983571736697861	35.903305574136311	35.917098590800784	35.927243057957618	35.834086484171060	35.809808039313786	35.707348915861189	35.666016679768511	35.725425473643099	35.751000879677733	35.786430804035398	35.785156127867459	35.790287765936235	35.687767093489043	35.721672836349896	35.761687030036825	35.730688577031280	35.761266999768573	35.702407328626066	35.776409612160478	35.747875363044763	35.782417659369806
27.375000000000000	35.759342917982785	35.797962508738486	35.817713537962803	35.877090374901002	35.949084279647728	35.982867634553365	35.975026989690640	35.984125083047076	35.920855581769047	35.889411737457507	35.843019885361912	35.730410236446929	35.670207726277667	35.747801672419207	35.700182659039740	35.858051732603649	35.816884545415903	35.861019304871178	35.777594657319312	35.775663815203430	35.772780959969538	35.827154050435119	35.791716177924648	35.818413927870644	35.713468731587319	35.732780890573970	35.747985072242273	35.753813587191999
27.125000000000000	35.830507012273038	35.819820494998353	35.863954140129287	35.866131111354768	35.950430904863239	35.969836477723419	35.985622154027261	36.066290153254684	36.024242695684769	35.931110323298590	35.945253306868921	35.928519504854052	35.841977120986193	35.795454382090803	35.842094040451968	35.876237420668282	35.825618871966498	35.814079704520942	35.862484966877403	35.808532785555514	35.821429109182134	35.770290457438762	35.785298364479992	35.704011375640654	35.723888531923770	35.715757090322676	35.711360027263090	35.721596282497629
26.875000000000000	35.939217741852481	35.820023298723207	35.926164397112373	35.972751443908919	36.017843864091553	35.976605664270267	35.953769949626377	35.981594750023447	36.007744744843073	36.022277882304330	35.916517175484394	35.959237141723968	35.904268882808601	35.889135062026092	35.873336644433721	35.821444677314219	35.801438581280031	35.769511177854838	35.766477477983756	35.797082188504149	35.742263103011140	35.787186506736290	35.814449340439822	35.806504637677634	35.808718083170518	35.768458069725909	35.795864511965881	35.798915697519249
26.625000000000000	35.943784725779437	35.955979687760248	35.851321698980868	35.937325374630582	35.961248393476708	35.962781086651795	36.054447849841402	36.083121772835533	36.142667121500253	36.122157355951245	36.015358783338804	35.882086461281581	35.892723345647632	35.822210165260195	35.856134621301123	35.834778554074319	35.836622533670166	35.857946167910214	35.817957769830109	35.832966869630489	35.827553393130430	35.798151047173668	35.768631911502865	35.836583771945257	35.805057218384782	35.823167019070965	35.799550673008120	35.846590224618851
26.375000000000000	35.959078975805184	35.996868479357559	36.023513787713689	36.001626196834273	35.993760572879935	36.076277256317660	36.081087183744295	36.079600443989463	36.085453807880540	36.024611940527940	35.946036144902450	35.935346999465203	35.997002735042479	35.849236247696183	35.879686385170309	35.923146333521593	35.876351357718065	35.878951385291884	35.803393630435764	35.787480591973313	35.741753368371050	35.733122995970326	35.792528804415099	35.832432236590058	35.808434876308084	35.814474775190703	35.786724705515965	35.786452638291919
26.125000000000000	35.937792333999276	36.000311394760786	36.006745084669269	36.020896795910744	36.036390593598568	36.060933884967191	36.063871057821522	36.066105571715504	36.074061199761275	36.051967510225850	35.972686127436440	36.037553968642875	35.931911283188228	35.949679273584081	35.950158252541925	35.929911312545464	35.909890002066902	35.863010919072316	35.858664801997499	35.810349481405780	35.826749650840519	35.788587071405495	35.844100091403895	35.825277325519124	35.907632089369265	35.818155580704101	35.811069820543374	35.876749567494784
25.875000000000000	36.009934246143501	35.992528856163723	36.018946216052299	36.006378399129609	36.004824913571845	35.985686840061284	36.026834678659128	36.043617959152193	36.020229128961226	36.040822875640885	36.146239515173917	36.127894652882006	36.086833698288387	36.086582994900027	35.962323620212103	35.977053267074623	35.916768673979682	35.931706381472566	35.880092361201754	35.900238181976007	35.825753387309838	35.810178753536498	35.848579157602849	35.866204026971488	35.940726366577536	35.959109813821073	35.930939019291102	35.987045936323184
25.625000000000000	35.990434242992627	35.976717018681413	35.992472008299593	35.968148844569662	35.973594742414342	36.006762197017665	35.980205672066049	36.020883711102883	36.037686571654014	36.097318913128539	36.127601627765877	36.052364933399154	36.035414688110400	36.032562466318893	35.906741643960785	35.875050721648549	35.870738717351706	35.916554705785586	35.969002950167869	36.074557306597050	35.928684668185205	35.895205168346919	35.977852670157226	35.967008317268508	36.029051954509342	36.010304530842973	35.987555789735005	35.993851303006416
25.375000000000000	35.828156101044847	35.873276253599151	35.938735811517752	35.980986852322921	35.974850288397242	36.015789185727890	36.044512753020165	36.021283145745215	36.070094947080598	36.053288475155085	36.035907959591505	35.947506128697462	35.980277159467441	35.942449547003051	35.931370507310881	35.984783602255341	35.946716836878664	35.957954013064480	36.005325387659354	36.009200641016797	36.027436142233064	36.024106784640949	36.003965035681787	36.086531825535396	35.990908031662947	36.041252744705723	36.007993910721837	35.960509919817163
25.125000000000000	35.776057367864880	35.872439376957708	35.917871022472241	36.020726093500606	36.035509954549816	36.036856017771235	36.044874499638709	35.998013671844816	36.026439321351774	36.031454891043069	36.019312075007463	36.017854105477959	36.016393601264873	35.956710374351033	35.987440776315808	36.007579201250536	35.988538142263955	36.021303908557691	36.002807538839718	36.016749466002473	36.005657092565464	36.027654819245619	36.014651595312266	36.097507442293292	36.029376957788870	35.997860214224957	35.979844918363007	35.926018512377730
24.875000000000000	35.848503712708812	35.860342933858107	35.911917867431860	35.985567016757301	36.002944989004256	35.983208889921755	35.987547869173703	35.934843722821256	35.935151214034668	35.960764545052690	36.069852240794681	36.129180954478031	36.160711415841909	36.081656343671384	36.086931705471251	36.036675860412778	35.975733629802527	35.994017741087852	36.003411743644307	35.955039003013262	35.968819993464329	36.001221832106097	36.038348890028303	35.979929029611363	35.955657156913404	35.990454877318527	36.000829150883980	35.956034429070655
24.625000000000000	35.834633025126791	35.834475107056804	35.853007799506393	35.915977164156523	35.957497752274762	35.937299291150474	35.955542970540670	35.923551988298676	35.969510093829768	36.009799650074129	36.143932503878595	36.094019575689380	36.075290155775861	36.003763189470952	36.051167597569126	36.041423591497988	36.064125720326096	36.021275427576001	35.999897064791149	35.937761562329776	36.086124858369040	35.997495605726527	35.985193510948676	35.980739645477385	35.931020952652332	35.950276757637660	35.958880140058262	35.961867547855277
24.375000000000000	35.741555647173385	35.718565563007623	35.821641733279627	35.869993247591125	35.856951726036058	35.841767857834931	35.939757664956701	35.921815220532515	35.923198573094638	35.955221261756286	36.024276115123712	36.056826966418058	35.955961594878552	36.032162650993257	36.032590055822332	36.016991791676539	35.996564449034636	36.042395063789726	35.939184873078737	35.972396320472917	35.940046426778864	36.023172250293335	36.006565792342030	35.997238643873395	35.993746160622401	35.973054041258770	35.946799873476074	35.939379614186898
24.125000000000000	35.648367866589339	35.706512534492163	35.728762129280625	35.865631148638570	35.846391346106863	35.831106937803384	35.899368820966878	35.892290113770933	35.886129362988079	35.919885675952990	36.000731189006821	36.018532324705966	35.968819297289208	36.008527895841041	36.026943335980711	36.011073380763442	36.011122867632530	35.949642843169634	35.919556671872307	35.983660960222586	36.030673741049547	36.048326726864332	36.077462009757177	36.076756920764574	36.071090515238055	36.019433370924617	35.979443463372434	35.947102846576314
23.875000000000000	35.611256494724778	35.685315792676796	35.705777379629474	35.725310266034590	35.771343885560128	35.821299825076608	35.851293784701120	35.887499122107627	35.791284377259828	35.834466168141851	35.956894133759590	35.931601788579641	36.023511430629625	36.017424289402776	36.042988086630984	35.977367061787049	36.036356848085703	35.988586952189308	35.970096282813799	35.926468298619987	35.976734450066644	36.009432473061175	36.040178482466260	36.091577316844166	36.055860260921975	36.065732371465863	36.081863881513812	36.042628230105471
23.625000000000000	35.592883652537644	35.622703465540731	35.591695825259727	35.698556200889030	35.748161688019948	35.779074632765557	35.799640091621974	35.814403352041509	35.833142331681131	35.842720704020920	35.871157066444262	35.972201163679451	36.016706565216097	36.008970839879531	36.015367311430360	35.925264229473441	35.958594936465730	36.020032155334633	36.036912275347376	36.036131674995644	35.927886460009120	35.906590664069590	35.982774986930956	36.044016045626471	36.141401420905382	36.125648860761444	36.090186624276384	36.095140937032248
23.375000000000000	35.646995740316022	35.555885526092823	35.638144926903060	35.775761003930270	35.764889521708113	35.860112003742245	35.833097097546087	35.839979303180996	35.874397973699608	35.930213710338350	35.933629795269539	35.970841644698183	35.951274665184300	36.010089766394444	35.950227559394435	35.969874352504199	35.961178820655149	36.043074014275270	35.998414287337049	36.060616732448082	36.036125379933829	35.993679997048098	36.031505811282742	36.060247204966331	36.138081791798463	36.177067467618613	36.133373034554673	36.090765114591832
23.125000000000000	35.673101017681773	35.565440809017737	35.766222323491625	35.842009734364403	35.793281571050571	35.859080370852496	35.964794043854873	35.965317153592075	35.935019115476472	35.906748544264772	35.884788099635237	35.902096743623055	35.881409021539568	35.938765669688316	35.992330067827048	36.006346464410925	35.949461887071791	36.001443056921097	36.014949349510012	36.086686514328456	36.065282479890669	36.115152396187213	36.074774528192798	36.110375563830118	36.136489983649625	36.212936424596784	36.160439038890800	36.160038121212416
22.875000000000000	35.661006255770531	35.685629495636604	35.699362018759530	35.812433713866128	35.848921723278998	35.927220789543718	35.936103914738062	35.952420916569864	35.920162692334323	35.824250116578696	35.803628905527077	35.905956792543940	35.933891116959948	35.981701409930885	36.040159779762035	36.011589370696171	36.009958673724796	36.092071278339091	36.046348395797132	36.073194693427283	36.083197572411059	36.079283210072440	36.077071662548029	36.102159343147108	36.181047892066942	36.189512524049618	36.213350502686964	36.179185965857840
22.625000000000000	35.677452768187401	35.678110416473402	35.685293194064151	35.820919221719727	35.815756283599278	35.770749365156327	35.857491542843668	35.912535383885093	35.754230538106505	35.810758949072266	35.892026428076626	35.976894815707247	36.000469952666791	35.994801050326302	36.049746655115683	36.002631089621943	36.069466952222285	36.079783558904388	36.068037118739774	36.074837854730006	36.081040096309067	36.044193380929066	36.049393175901621	36.130013478924852	36.180590681519540	36.193483938673197	36.208867113126061	36.167239667609721
22.375000000000000	35.608687206399928	35.500203765099883	35.747730070484693	35.823592959373052	35.779374610392296	35.823584437280061	35.881542604850587	35.903849293469889	35.875005876724238	35.919769267604877	35.964836160217047	35.999274226467811	36.033831875080629	36.041848852544298	36.059707233330151	36.076826965478212	36.076148052800612	36.102357920458815	36.105578780028651	36.034276451976226	36.054152381246297	36.039051793186879	36.062012644055756	36.094783279994815	36.076415014150228	36.146855707073243	36.179153727869419	36.122718061317443
22.125000000000000	35.679995503867829	35.713820686182686	35.820929495331235	35.841395324642306	35.767840290255478	35.883555266888777	35.916783591288954	35.880227302803775	35.888011282964413	35.876873406979776	35.959757402942131	35.991272522896331	36.076365207078297	36.058086195635852	36.052195562352594	36.074965105867655	36.069154271124305	-1.0000000000000000	-1.0000000000000000	36.066533040139490	36.049212230442933	36.074213984034294	36.048700391330371	36.065465008449053	36.094187497234280	36.141410706320649	36.125929444777974	36.123691382132435
21.875000000000000	35.741192505367678	35.782062828886431	35.882914024395482	35.898757402750093	35.814847900193541	35.931468940330660	35.873767122731934	35.884738471873831	35.851635137273526	35.953715359883148	35.955161028903348	35.921297467701137	36.019247290508652	36.027208680728229	36.001764190618324	-1.0000000000000000	-1.0000000000000000	-1.0000000000000000	-1.0000000000000000	36.045642365711807	36.017206719312256	36.033046164878854	36.045087075080744	36.048351390792313	36.031923366836779	36.100025038458803	36.156067953239997	36.147087312376087
21.625000000000000	35.780717483116938	35.807335739978527	35.881103934988253	-1.0000000000000000	35.886091225388284	35.854358922332757	35.863335480895500	35.885528859158057	35.909046473932442	-1.0000000000000000	-1.0000000000000000	-1.0000000000000000	-1.0000000000000000	-1.0000000000000000	-1.0000000000000000	-1.0000000000000000	-1.0000000000000000	-1.0000000000000000	-1.0000000000000000	36.045335737161970	36.043732456225833	36.007538773783423	36.020048858364341	36.001931816619511	36.048637262421266	36.056329469125053	36.101405405213065	36.087704498092585
21.375000000000000	-1.0000000000000000	-1.0000000000000000	-1.0000000000000000	-1.0000000000000000	-1.0000000000000000	-1.0000000000000000	-1.0000000000000000	-1.0000000000000000	-1.0000000000000000	-1.0000000000000000	-1.0000000000000000	-1.0000000000000000	-1.0000000000000000	-1.0000000000000000	-1.0000000000000000	-1.0000000000000000	-1.0000000000000000	-1.0000000000000000	-1.0000000000000000	-1.0000000000000000	36.022441916439732	36.009037662567742	35.978431271108619	35.969254747731689	35.979518205324496	35.958004196959401	35.986308687851427	35.998513466531790
21.125000000000000	-1.0000000000000000	-1.0000000000000000	-1.0000000000000000	-1.0000000000000000	-1.0000000000000000	-1.0000000000000000	-1.0000000000000000	-1.0000000000000000	-1.0000000000000000	-1.0000000000000000	-1.0000000000000000	-1.0000000000000000	-1.0000000000000000	-1.0000000000000000	-1.0000000000000000	-1.0000000000000000	-1.0000000000000000	-1.0000000000000000	-1.0000000000000000	-1.0000000000000000	36.007826437325619	35.987850346836950	35.921988103985129	35.914499954752912	35.893628447740127	35.905413165401619	35.933977055300431	35.945271476594179
20.875000000000000	-1.0000000000000000	-1.0000000000000000	-1.0000000000000000	-1.0000000000000000	-1.0000000000000000	-1.0000000000000000	-1.0000000000000000	-1.0000000000000000	-1.0000000000000000	-1.0000000000000000	-1.0000000000000000	-1.0000000000000000	-1.0000000000000000	-1.0000000000000000	-1.0000000000000000	-1.0000000000000000	-1.0000000000000000	-1.0000000000000000	-1.0000000000000000	-1.0000000000000000	-1.0000000000000000	35.951910169916268	35.921381790327089	35.957276105827667	35.968000244498462	35.910019994725438	35.961368433442431	35.965566671793887
20.625000000000000	-1.0000000000000000	-1.0000000000000000	-1.0000000000000000	-1.0000000000000000	-1.0000000000000000	-1.0000000000000000	-1.0000000000000000	-1.0000000000000000	-1.0000000000000000	-1.0000000000000000	-1.0000000000000000	-1.0000000000000000	-1.0000000000000000	-1.0000000000000000	-1.0000000000000000	-1.0000000000000000	-1.0000000000000000	-1.0000000000000000	-1.0000000000000000	-1.0000000000000000	-1.0000000000000000	35.991488266590800	36.022279063018736	36.024206723989110	35.990053584839330	35.976374478893234	36.008236426500474	35.961258147339734
20.375000000000000	-1.0000000000000000	-1.0000000000000000	-1.0000000000000000	-1.0000000000000000	-1.0000000000000000	-1.0000000000000000	-1.0000000000000000	-1.0000000000000000	-1.0000000000000000	-1.0000000000000000	-1.0000000000000000	-1.0000000000000000	-1.0000000000000000	-1.0000000000000000	-1.0000000000000000	-1.0000000000000000	-1.0000000000000000	-1.0000000000000000	-1.0000000000000000	-1.0000000000000000	-1.0000000000000000	-1.0000000000000000	35.982681183849870	36.019409002283368	35.992078070267588	35.929236770016104	35.955672894263813	35.958135049495510
20.125000000000000	-1.0000000000000000	-1.0000000000000000	-1.0000000000000000	-1.0000000000000000	-1.0000000000000000	-1.0000000000000000	-1.0000000000000000	-1.0000000000000000	-1.0000000000000000	-1.0000000000000000	-1.0000000000000000	-1.0000000000000000	-1.0000000000000000	-1.0000000000000000	-1.0000000000000000	-1.0000000000000000	-1.0000000000000000	-1.0000000000000000	-1.0000000000000000	-1.0000000000000000	-1.0000000000000000	-1.0000000000000000	-1.0000000000000000	36.047977925123490	35.980581604025986	35.943133586378345	35.902406519883215	35.923213186507681
