xmlns:cpt=http://iri.columbia.edu/CPT/v10/
cpt:field=prcp pred_err_var, cpt:dof=23, cpt:T=2019-06/09, cpt:nrow=32, cpt:ncol=28, cpt:row=Y, cpt:col=X, cpt:units=mm/day (squared), cpt:missing=-999.00000000000000              
	87.125000000000000	87.375000000000000	87.625000000000000	87.875000000000000	88.125000000000000	88.375000000000000	88.625000000000000	88.875000000000000	89.125000000000000	89.375000000000000	89.625000000000000	89.875000000000000	90.125000000000000	90.375000000000000	90.625000000000000	90.875000000000000	91.125000000000000	91.375000000000000	91.625000000000000	91.875000000000000	92.125000000000000	92.375000000000000	92.625000000000000	92.875000000000000	93.125000000000000	93.375000000000000	93.625000000000000	93.875000000000000
27.875000000000000	0.98774536640469079	0.98186627138107319	0.99458770299326205	0.97322132690696861	0.93849148169154717	0.92471168871623011	0.97647079332415809	1.0203330998184250	1.0018249639684345	1.0238092740296636	1.0429672703192652	1.0528557109269676	1.0140973615595963	0.98518847677199772	0.97288587967748641	0.98599986760615477	1.0191565951845611	0.98917118727758191	0.97402948354386865	0.96713015922692436	0.97449813698744825	0.97063619439435100	0.96897542691639127	0.98689021398193144	1.0183519586798027	1.0326607325218160	0.98617367375723886	0.99672504694690367
27.625000000000000	0.98338415745963537	0.97305992584160717	0.96834955630555497	0.94167450068488723	0.93704194742595370	0.99856089580576635	1.0599100527060816	1.0683948904514871	1.0946423539847150	1.1098104742837185	1.1015167502731544	1.0978119941777116	1.0550632451342123	1.0085600505405334	0.99929675664799689	1.0109651325618576	1.0330468546518201	1.0087701437910968	1.0032470821417572	0.98470837752313600	0.95624801888682953	0.95608727679637673	0.95236216727383738	0.97626081488322314	1.0114079790474295	0.97400740325439228	0.97368731824937660	1.0021466134710153
27.375000000000000	0.97597520443249808	0.97724426112300955	0.99502543336550431	0.97932915234490903	1.0242307193837630	1.0791314772851537	1.1085399099644453	1.0826551410924643	1.0985059066106317	1.1043276936570341	1.0674781608197046	1.0701382469254981	1.0508199919684655	1.0089941015859611	1.0130407386958997	1.0287338508496193	1.0013734524773308	0.97052317963506163	0.97197976598939595	0.94412166757406746	0.91595918861061199	0.91732144972068408	0.89960656958572160	0.94480637673299228	0.98316789095923618	0.99327020068232719	0.98823918997769666	1.0107096091300896
27.125000000000000	0.98018316475386613	0.96983122912730424	0.97970771129233747	1.0206029353286592	1.0310676826546341	1.0856231728909147	1.1086551134398621	1.0943958628388650	1.0546330624304490	1.0912298870783341	1.0900130317848660	1.0748433645212723	1.0144597410289173	1.0205381850854904	1.0205318789723419	1.0255206455747261	1.0169313097760335	0.98238208378167469	0.96747860189748935	0.94984347412940784	0.90540078445095684	0.89210119506287289	0.89740658380701532	0.92957274463291539	0.94265191636389267	0.97360953828157559	0.95139889079960815	0.97031405567503959
26.875000000000000	0.96846546794237742	0.97996875125895033	0.99215217233716069	1.0218729108130276	1.0327973940170216	1.0648080966232887	1.0702617434664121	1.0857091454454599	1.0596632555694308	1.0770677114790812	1.0649800764190951	1.0490173625055588	1.0200356573146996	1.0064953901289104	0.91524766340180352	1.0037564549784566	0.98919650037986750	0.96233297103796789	0.93029290754656846	0.91587825102610576	0.89180696687627181	0.88099222193062554	0.92344619287219598	0.94658043519228297	0.96167837344152762	0.96385998021982355	0.98067081250112598	0.97462368835397428
26.625000000000000	0.97238059136128174	0.98165370595687795	0.99103941684640284	0.99482612032550444	0.99421282424024193	1.0238714102443465	1.0383388790499128	1.0118482003298126	1.0338439753443500	1.0480419789610678	1.0239991760004117	1.0297800081171236	0.98813559587660438	0.91570154562431083	0.91211029451406456	0.95140669636075714	0.94498019702754332	0.93436630128821574	0.90133007162731971	0.86520380748351078	0.87114395545434375	0.89270154777196031	0.90859710421741813	0.90549460027222617	0.92355188469737493	0.92411575715651628	0.92205526230618484	0.98434057629296323
26.375000000000000	0.96045808410539402	0.95106548545859981	0.97685083578927701	0.96361779292274807	0.98451825627294920	1.0165884657352406	1.0372506354555047	1.0247532495324962	0.96969493552270691	0.98721879774410881	0.97349333938287186	0.97855047265728412	0.95277202111598081	0.99145113184179268	0.97111102357273482	0.96456573750628871	0.94528755267130493	0.91924425504006801	0.90236284565962621	0.88790219207430032	0.86530518203814133	0.91406344116526195	0.91930343928135283	0.90858228036058553	0.89406700030790787	0.88614339841709611	0.91605741902507853	0.96462078070413138
26.125000000000000	0.97901859090135146	0.99488598423018426	0.99459015199356926	0.98134983550479715	1.0119490279607539	1.0173644059278844	1.0309711717433321	0.98152565890346943	1.0124714703293534	0.99658706994686774	0.98305491082004393	0.97126072132415431	0.94137848012225644	0.95900065249944733	0.93817483709894300	0.97083050709261620	0.98333221440535001	0.96176152143212545	0.92919535018747312	0.92773209472563367	0.89634252786448088	0.90371686465426959	0.91615578766959394	0.90438057026365981	0.91773132013742520	0.89318005789417532	0.90911112831172314	0.93969580153677745
25.875000000000000	0.97353384004227494	0.97405790719293417	0.97637743222481788	0.99263044548656965	0.99851843131419604	1.0101514300199232	1.0130562225379360	0.98944061587246723	0.99157713777112666	0.96915899599835686	0.93944523781389655	0.95003612305643548	0.94015749224954293	0.93706589003986607	0.93894879890133254	0.93291799502369888	0.97250012383262163	0.96899535364991729	0.93208063169221156	0.92928856694825956	0.88996914289925833	0.91030645653793163	0.90921488506985915	0.92032298901654996	0.88437532097982907	0.88900081083616411	0.88060051482160717	0.92423746200279799
25.625000000000000	0.99570068665760136	0.96764649246404966	0.98284780106197012	0.99000410010578399	1.0124168977218058	1.0162596274066755	0.99613188637720118	0.96140329286484139	0.91751670963870391	0.93638812687404138	0.92972261808474355	0.91516379692359295	0.94365759153932505	0.95134065395126988	0.94659451544013917	0.95464409057813737	0.96395761118431089	0.95302497538262498	0.97004402493855368	0.96675372417473815	0.93381661880661182	0.92472207640773796	0.92773639618928982	0.92925297135625817	0.90592537960802599	0.90598115856044770	0.90143389312531763	0.92652134617600379
25.375000000000000	1.0046663781628644	0.98560433748426157	0.99178018265861756	1.0103708511404135	1.0147020439070613	1.0163891597903369	0.96077071754918986	0.93859901458301664	0.93866719308720725	0.94603553191091505	0.97005797579868347	0.94181206910524162	0.92570132191530674	0.94454059566708370	0.97898719603826134	1.0046035599414964	0.99674974806892214	0.98458261823282056	1.0138397420020744	1.0084940537524394	1.0127473426197844	0.99304619564063035	0.97231559484568797	0.95547928882201572	0.92748748336953468	0.95491141912393740	0.93778391778522197	0.95866512284407890
25.125000000000000	1.0139083507445219	1.0204719963411579	1.0018124392846193	1.0287455163997188	0.99252663406014907	0.98944982965487815	0.94367764093137840	0.95062087814017149	0.94626656005219079	0.97563406503650696	0.98424271604793911	0.96048619616749353	0.96074828151097791	0.95123187660955388	0.98757603576587105	0.98970009778978407	1.0042843862182249	0.99518130132819604	0.99661125276503926	1.0108600292251335	1.0251949944361907	1.0126279996046639	1.0057801991451181	0.99062290840435396	0.96866424649162786	0.95916987312215007	0.95434812616038955	0.99341502164500683
24.875000000000000	1.0046847002931174	1.0171856667340335	0.98925560129553614	0.97905322198155487	0.97642387526104779	1.0027528371543275	0.98440539407185801	0.97932025309030502	0.97484271683807699	0.96797820777934551	0.97356118060551033	0.99164172499593739	0.98429420865802075	0.98235621265033846	0.99722118725793429	0.97776265852919653	0.98514051979586381	0.98550661664892281	1.0086574989306987	1.0447899434416019	1.0264333505327607	1.0218104330977924	1.0210906852072896	1.0085576275047230	1.0150656559444480	0.96736429421366421	0.94857308185033384	0.98598819477511579
24.625000000000000	0.99552057436660590	1.0089539777184897	0.99845721564511980	1.0231415299412259	1.0130925028773428	0.99847905035764095	0.99075756118055658	0.97199682877323490	0.99741018786767299	1.0032515412724601	0.98282402975465932	0.96230866600409759	0.98204136826582888	0.97995721741331521	0.98649788260235838	0.99584612237480008	0.99022744525722250	1.0131624735886884	1.0162299479535088	1.0470107349915900	1.0123009969389647	1.0059382342860135	1.0079407153935673	1.0191652552338899	1.0034248240794665	0.98610708779141487	0.96074225736951779	0.97766088858345468
24.375000000000000	1.0040244405581351	1.0012294633411793	1.0209703725919261	1.0041356965095813	0.99658453195284868	1.0083293629000325	0.98857770281019075	0.98986403365610443	0.99527265549210242	0.99546559795490941	0.97899731090508224	0.97468634938307541	0.99422583524450681	0.97295114564236507	0.99469452924236790	0.99989584974073142	1.0052420387421321	0.98907693588123091	1.0292770631686821	1.0291880502940507	1.0074881808381957	1.0099422341823427	0.99585897425738590	0.99837322918756488	0.99686043951508629	0.98244264042445861	0.97192992055470406	0.99603472785608049
24.125000000000000	1.0305577779399517	1.0233918501618438	1.0279544327323058	1.0188934204695359	1.0442711883172064	1.0397416769451331	1.0204221979984145	0.99962170597028255	0.99637096020848814	1.0033879730257107	1.0052182476525140	0.97357061951850654	0.96660059272169996	0.98831232952858405	1.0024140025194888	1.0070069183334280	0.99929075461766648	1.0037093537024457	1.0116582258354476	1.0220764056542939	1.0378939158598119	1.0112799247569877	1.0027507041897961	1.0177432596188349	1.0274373188555239	0.96801172914485256	0.94656845955773261	0.99748963059773310
23.875000000000000	1.0360563268960876	1.0180228522472086	1.0059500141317519	1.0216638120175727	1.0372719719642309	1.0445702902771978	1.0231369402832862	1.0092737971299743	1.0061563084416838	1.0039779207137514	1.0114035108917823	0.99598106063094705	0.98197329308932813	0.98484992924445924	0.98854930878221958	0.99848140443079914	1.0048539775201684	1.0093533013153790	1.0146505138976598	1.0088317853656428	1.0319365468729629	1.0485006600546229	1.0474333050014935	1.0500749938517793	1.0343750446315021	0.99731410065198034	0.98438937180351449	1.0082886434891067
23.625000000000000	1.0238433282175214	1.0115398088436121	1.0102598717434081	0.99368967257070462	1.0080396698472662	1.0356442413541247	1.0272917358783273	1.0249362598388414	1.0380145654147852	1.0427071594746919	1.0214298611766488	1.0136483072072777	0.99836878740544455	1.0021415562455971	0.99523035701640772	0.97555521253700417	0.99602602880077873	0.99863712136125327	1.0028958984562044	1.0037916901253985	1.0243773321409946	1.0408592208419913	1.0496002438656635	1.0633634692136036	1.0204249164586905	0.98954074137697468	0.96536383405491188	1.0075930067331691
23.375000000000000	1.0116940803788674	1.0164454911212764	1.0104660047461602	1.0102846976415418	1.0167028012552570	1.0215605705687123	1.0332528176442484	1.0372214158155248	1.0422387845249099	1.0404689767952511	1.0301419432446244	1.0284120196819102	1.0036864771730971	1.0016134588700678	0.99440424995951515	0.99830175437555657	0.99460068106406951	0.98790949310290077	0.98721656166991045	1.0141428764982983	1.0333531248905279	1.0482684491066363	1.0586164220137957	1.0498289210541571	1.0167284041019904	0.99737094795560288	0.99583551006387605	1.0037087823075688
23.125000000000000	1.0228538873724249	1.0333163223988142	1.0286541007779197	1.0250777507666535	1.0331243058291690	1.0355461715642114	1.0328951948028351	1.0305111195564987	1.0398601354390180	1.0308545758780259	1.0296500082424664	1.0114923314104236	0.99699040293786667	0.98904497444344486	0.97400473232368412	0.97889986963172204	0.98300340087140337	1.0128611894404913	1.0137555360881838	1.0325618871879751	1.0348194940824444	1.0351494017440164	1.0425716895986912	1.0308720620919236	1.0067696596228040	0.99315154431176900	1.0185250763413694	1.0206836328268483
22.875000000000000	1.0429066182719124	1.0350229580877910	1.0375770329841876	1.0379471037439729	1.0274397831764488	1.0333677907100722	1.0314477393976700	1.0311103874446617	1.0297096836457895	1.0282089466455164	1.0256469763163534	1.0118318139919569	1.0009053957164227	1.0067929838551117	0.98580720323688165	0.98495226475378606	0.99510538265361548	1.0267162896757438	1.0194114745374598	1.0295830692025465	1.0332013407347924	1.0204874888099722	1.0103258823214503	1.0045773271450593	0.98715162627343023	0.98883089089067877	1.0087979508007956	1.0219397497268854
22.625000000000000	1.0364406628611211	1.0373065094179785	1.0484520459857756	1.0337134648140509	1.0370704808590079	1.0367725010810791	1.0360673482513283	1.0233050855128334	1.0239904643444362	1.0283486337513406	1.0233808461051395	1.0046076356002622	0.99147747050542645	1.0046343419658175	1.0046945167082890	1.0107297550900005	1.0112159682750934	1.0232165429751907	1.0213783420330533	1.0200508613408452	1.0237837637564122	1.0296875894386157	1.0112724447723376	1.0208103514957811	0.99317450741574653	0.99947165817445127	1.0198174763743415	1.0354622785433141
22.375000000000000	1.0269663467858350	1.0308880584127651	1.0389354128436832	1.0360288901003647	1.0410892375823879	1.0443222558168526	1.0449283518675432	1.0322061597449499	1.0325493605725293	1.0297151936359572	1.0258372308438650	1.0057335578531865	0.99865842156653173	1.0104187514315062	1.0065931531663259	1.0132196316496396	1.0009511794581634	1.0189257296040102	1.0352379852566809	1.0143656823575364	1.0191006452540228	1.0458047118876532	1.0440176333842597	1.0201796311364775	1.0088391350783201	1.0037149134283707	1.0182835565822019	1.0388960380476682
22.125000000000000	1.0259293054057574	1.0244882690295041	1.0400171166361973	1.0382380408731833	1.0430822181408825	1.0353054814348206	1.0366476461295375	1.0310864811513658	1.0346894229392627	1.0362894082267176	1.0196127530437304	1.0154346144483533	1.0096440635348081	1.0122179041520127	1.0139757522557395	1.0013243072094744	1.0033337387238146	-999.00000000000000	-999.00000000000000	1.0200730294647373	1.0134499332943472	1.0281046066468764	1.0456578163981121	1.0309060144673903	1.0242708520936754	1.0177504990481712	1.0507620195082543	1.0582675513997739
21.875000000000000	1.0183257194695170	1.0150364984518518	1.0219290660931355	1.0389900031638835	1.0415833095044840	1.0369329271802643	1.0339940578779208	1.0290474376213907	1.0263220158644362	1.0243406693485584	1.0266098101137955	1.0111119538001252	1.0081599039352389	1.0210398544325832	1.0148698994119074	-999.00000000000000	-999.00000000000000	-999.00000000000000	-999.00000000000000	1.0051764081282277	1.0020446517427177	1.0264743151879316	1.0344667879748948	1.0673141942197060	1.0655386848401394	1.0360214589031220	1.0483774104364481	1.0558086137770120
21.625000000000000	1.0178517451259104	1.0214229326796582	1.0271597483677690	-999.00000000000000	1.0539092262067082	1.0522653881792190	1.0333115490361016	1.0259510869058068	1.0259820525572991	-999.00000000000000	-999.00000000000000	-999.00000000000000	-999.00000000000000	-999.00000000000000	-999.00000000000000	-999.00000000000000	-999.00000000000000	-999.00000000000000	-999.00000000000000	0.99029148110135468	1.0068016661168417	1.0271570822831821	1.0461313156304477	1.0693678860950537	1.0482473546003919	1.0225035162000813	1.0272308986371168	1.0292442811382825
21.375000000000000	-999.00000000000000	-999.00000000000000	-999.00000000000000	-999.00000000000000	-999.00000000000000	-999.00000000000000	-999.00000000000000	-999.00000000000000	-999.00000000000000	-999.00000000000000	-999.00000000000000	-999.00000000000000	-999.00000000000000	-999.00000000000000	-999.00000000000000	-999.00000000000000	-999.00000000000000	-999.00000000000000	-999.00000000000000	-999.00000000000000	0.99540472712550887	0.99136499787610799	1.0360160057352561	1.0765155479899629	1.0781907658545193	1.0629245340234375	1.0306556037472554	1.0315254027304008
21.125000000000000	-999.00000000000000	-999.00000000000000	-999.00000000000000	-999.00000000000000	-999.00000000000000	-999.00000000000000	-999.00000000000000	-999.00000000000000	-999.00000000000000	-999.00000000000000	-999.00000000000000	-999.00000000000000	-999.00000000000000	-999.00000000000000	-999.00000000000000	-999.00000000000000	-999.00000000000000	-999.00000000000000	-999.00000000000000	-999.00000000000000	0.98355741694177357	0.98889729720106945	1.0321913646830578	1.0629817303526523	1.1035189226885220	1.0744657485422346	1.0459336677664932	1.0489895364558759
20.875000000000000	-999.00000000000000	-999.00000000000000	-999.00000000000000	-999.00000000000000	-999.00000000000000	-999.00000000000000	-999.00000000000000	-999.00000000000000	-999.00000000000000	-999.00000000000000	-999.00000000000000	-999.00000000000000	-999.00000000000000	-999.00000000000000	-999.00000000000000	-999.00000000000000	-999.00000000000000	-999.00000000000000	-999.00000000000000	-999.00000000000000	-999.00000000000000	0.98899051616694555	1.0059314477678944	1.0311322237008687	1.0513288622888033	1.0990713674237949	1.0838997174751932	1.0682106841134758
20.625000000000000	-999.00000000000000	-999.00000000000000	-999.00000000000000	-999.00000000000000	-999.00000000000000	-999.00000000000000	-999.00000000000000	-999.00000000000000	-999.00000000000000	-999.00000000000000	-999.00000000000000	-999.00000000000000	-999.00000000000000	-999.00000000000000	-999.00000000000000	-999.00000000000000	-999.00000000000000	-999.00000000000000	-999.00000000000000	-999.00000000000000	-999.00000000000000	1.0077774038685496	1.0000172993406928	0.99829078018419892	1.0596390514822285	1.0900752076755635	1.1111467920192679	1.0987124199254890
20.375000000000000	-999.00000000000000	-999.00000000000000	-999.00000000000000	-999.00000000000000	-999.00000000000000	-999.00000000000000	-999.00000000000000	-999.00000000000000	-999.00000000000000	-999.00000000000000	-999.00000000000000	-999.00000000000000	-999.00000000000000	-999.00000000000000	-999.00000000000000	-999.00000000000000	-999.00000000000000	-999.00000000000000	-999.00000000000000	-999.00000000000000	-999.00000000000000	-999.00000000000000	1.0076993742609073	1.0024352838579458	1.0164035423854938	1.0330216248066728	1.0569577408250912	1.0893708365734285
20.125000000000000	-999.00000000000000	-999.00000000000000	-999.00000000000000	-999.00000000000000	-999.00000000000000	-999.00000000000000	-999.00000000000000	-999.00000000000000	-999.00000000000000	-999.00000000000000	-999.00000000000000	-999.00000000000000	-999.00000000000000	-999.00000000000000	-999.00000000000000	-999.00000000000000	-999.00000000000000	-999.00000000000000	-999.00000000000000	-999.00000000000000	-999.00000000000000	-999.00000000000000	-999.00000000000000	1.0149652827570512	1.0222373720947362	1.0141704235425317	1.0373050340878018	1.0758080372782637
