xmlns:cpt=http://iri.columbia.edu/CPT/v10/
cpt:field=prcp pred_err_var, cpt:dof=25, cpt:T=2019-06/09, cpt:nrow=32, cpt:ncol=28, cpt:row=Y, cpt:col=X, cpt:units=mm/day (squared), cpt:missing=-999.00000000000000              
	87.125000000000000	87.375000000000000	87.625000000000000	87.875000000000000	88.125000000000000	88.375000000000000	88.625000000000000	88.875000000000000	89.125000000000000	89.375000000000000	89.625000000000000	89.875000000000000	90.125000000000000	90.375000000000000	90.625000000000000	90.875000000000000	91.125000000000000	91.375000000000000	91.625000000000000	91.875000000000000	92.125000000000000	92.375000000000000	92.625000000000000	92.875000000000000	93.125000000000000	93.375000000000000	93.625000000000000	93.875000000000000
27.875000000000000	0.91674463839151044	0.91765839377201164	0.92546486569038378	0.90545891708920201	0.89670879110187551	0.87862685036972021	0.87280035870187012	0.89415156957413500	0.88608874233603141	0.87738131449170542	0.89924728471256443	0.90941918234196673	0.90819566866433865	0.89477717749204200	0.89448433845942321	0.89971531733844023	0.91435293831210085	0.89893295694143782	0.90156133912437830	0.90210685428253246	0.89024832094078987	0.86648029889287137	0.85963789214920294	0.87427165298286658	0.87428742457922315	0.87316748384187726	0.86279689668307147	0.87584493563277166
27.625000000000000	0.93240070253512042	0.93404429246652976	0.94280553447293070	0.92906459075541536	0.90986018571404292	0.92153519965902198	0.93953179543762144	0.95342454422305378	0.94563098570498627	0.94806335400116204	0.93800450629179477	0.93839101417685267	0.94715452634122399	0.93887423901852196	0.93717109383074293	0.93617912894911537	0.93543212589319968	0.91999761223382759	0.91817324386991417	0.90932517736357410	0.89604376977674138	0.88414632174968333	0.85924914190011314	0.86647391571768928	0.87717182869743704	0.86462633022294744	0.86154820251862052	0.87864635441841354
27.375000000000000	0.93669677916869387	0.94433045316790343	0.95330183979249028	0.94439365750561177	0.94561849396798536	0.95325589972036484	0.96877004386345544	0.95784643106858269	0.95954960109606680	0.98091534914284173	0.95473951632153364	0.94596304128111131	0.93326169666586734	0.92044206479315849	0.93074125435572919	0.93604676156688149	0.94942013694856786	0.92432926872232135	0.92284562759149280	0.91438674217807958	0.87512703651033241	0.85753739252747996	0.83847604187989377	0.85529729811616384	0.87852408845726326	0.89773418063466026	0.89447887791178160	0.90291966239492072
27.125000000000000	0.93110307132572601	0.93108682166769008	0.94510863485076380	0.95128789348968190	0.94677960079661283	0.94526961415683020	0.94046957016880772	0.96362100740068546	0.95228322602738757	0.96303074867592597	0.96438105359732373	0.95758514852676546	0.95127412563874458	0.94817478039079006	0.93205424216482347	0.93388146354606139	0.94290737521691337	0.92635180258264160	0.92193230477556432	0.91447028928700080	0.87738905255945043	0.86914612906384847	0.86341920308802711	0.87519798700303586	0.88981422614656869	0.89855762901497638	0.88491693377711156	0.89986427467452712
26.875000000000000	0.93127993747503279	0.93952071207856924	0.93576319598117275	0.93629732718516545	0.93741901603241529	0.93219293961559524	0.93568822193123768	0.96003454902088325	0.95151901187194354	0.96924480264615731	0.95625424067790066	0.94935656747819885	0.94956359788225486	0.94092609962651153	0.88424812257769525	0.91961578220541951	0.90191009836349245	0.91068014611579495	0.88593716888940566	0.87905673154355946	0.88724835562021398	0.88339392782499482	0.88372196368011480	0.89379143803996108	0.91130401527815774	0.89688736692763249	0.88771474922463467	0.89121339698511259
26.625000000000000	0.92636560551914393	0.92459083209157455	0.91695624726479674	0.92258414889161400	0.92263999106295713	0.94061691106638656	0.94148565681976026	0.94124759789587731	0.95224008551837691	0.95154683280384400	0.95180966155431224	0.94610389630619973	0.89302207592636806	0.84555419546404609	0.84339721725033912	0.85758595585689801	0.88321348778702991	0.88188630586124317	0.89774454107974855	0.87673774924472481	0.88711172612026401	0.89291195127740042	0.89412599495997325	0.90007906819932126	0.91479039430163811	0.89540253674136516	0.88086356097069851	0.89963660732775097
26.375000000000000	0.91747038316874330	0.91506484025132262	0.90733720750170466	0.91130704113900807	0.91990758987995236	0.93440430919791262	0.93447120598899303	0.93628449333707353	0.90712698383596579	0.91356385807889995	0.90579596500270887	0.89242808159885523	0.87142262567477180	0.87525776189957216	0.85573534219076819	0.86186100303268398	0.88217311230246220	0.90022376326128173	0.89689118745693663	0.89858436468254388	0.89120228138429092	0.90251272822317052	0.90393281362816458	0.89688267234930830	0.88537116929637383	0.87123413482051237	0.87918382712625853	0.89487727113305848
26.125000000000000	0.90515643316951289	0.91193718600206386	0.90939268443930399	0.90880518482165584	0.91642757724845814	0.91494069205729045	0.92416858623922937	0.89884983875426694	0.90241928390928772	0.90299457400040029	0.89503997902973254	0.87427782073664062	0.86473285449328430	0.84679162967708377	0.84097010330912558	0.85270416750573175	0.87007816049665798	0.90412500071053892	0.90873347840364838	0.90651728624363914	0.88926647707306994	0.89171600261008732	0.90941204461250769	0.90248079413671978	0.88031569196151327	0.86679912605863985	0.87960967584556127	0.89220590380670495
25.875000000000000	0.90180246467129910	0.89921738144378316	0.89988200951530051	0.90375661109378802	0.91858114769622223	0.92977970051056502	0.92583627068147212	0.90627948660261570	0.89094363593439352	0.88079205954167472	0.87301210335181467	0.87130385410959266	0.87995661647945655	0.86335309702652818	0.83898007813738962	0.82798553163214361	0.88887312064189838	0.89868802418699489	0.88849757902948767	0.88614924365866865	0.87856712620815347	0.88391575589894722	0.89101335270495252	0.90700913933304295	0.88373153049477693	0.87356265397395416	0.89192494728250160	0.91286263391885225
25.625000000000000	0.91809298730752686	0.88647228327394689	0.89235293796441950	0.91404931747404761	0.93764680347478779	0.93937033644021217	0.94186630061492094	0.91031457249918446	0.86464070402150051	0.85474412185336635	0.86676449488218310	0.85117490964208631	0.86527528912351725	0.86085481623643412	0.86318417273067305	0.87071225992608892	0.89392162289270027	0.89344549174496202	0.89482650486348037	0.87078856869552823	0.88207233376608418	0.89860221339407398	0.89051647953105362	0.88337549555981731	0.89042314480208484	0.89676000821333712	0.90359467928142589	0.90964112514731199
25.375000000000000	0.92563317469759432	0.91753693633330091	0.92664277875211343	0.93899892509745253	0.95562356138053928	0.94264204501659887	0.92477508986234858	0.90574327182411918	0.88852359475467069	0.87019934735643545	0.87117522350339793	0.85441550399717681	0.85142232006097585	0.88016737697147052	0.88821723179870149	0.90639781441886125	0.91333116332434783	0.90569869895781041	0.91530026294742217	0.92321007146066669	0.93066531951965836	0.91194464570237244	0.89838990284721032	0.87516065627179673	0.88221477233726486	0.90177820137161857	0.91156955858156563	0.90673737485940265
25.125000000000000	0.93177660742824941	0.95025852836891356	0.93848300774891591	0.94960506044464943	0.94465545402507822	0.93786200920536067	0.91463026520457358	0.92880926074188941	0.88366840402217217	0.88643075887821887	0.89212848950226642	0.87238293723668014	0.87495087211214195	0.88371588117783706	0.90755069538676247	0.90624108829147987	0.92825981212142461	0.91371721129151218	0.92108957130731439	0.91287674284773568	0.94195454234840581	0.92960295894211031	0.92348833209309011	0.89703303719221483	0.89404617200649261	0.91385160505528107	0.90751171569775213	0.92074372066326549
24.875000000000000	0.94354717293778212	0.96380530772497042	0.95316194400676046	0.94964729617701815	0.95398693779420074	0.93431342698072850	0.92550525624031432	0.92899260635309289	0.91059432826056730	0.89510538787449945	0.89208066043978274	0.89351502699134644	0.89565289549188587	0.90159943027904255	0.91050845564479876	0.89218555838490776	0.89385793616237896	0.89703483798519812	0.90905659035551878	0.94429018032358092	0.92995964668045772	0.91801088198715730	0.92765735958784845	0.92874711031083013	0.93605271621942310	0.91794126376310414	0.90465080483681615	0.91977101172106557
24.625000000000000	0.94619279939267409	0.97757182895026895	0.95493351864902198	0.96120289109960477	0.95388935678672926	0.94168076648937316	0.93892277510720457	0.92640729921056786	0.93511104561730163	0.93365125504817925	0.89678087029748543	0.90044368486177040	0.88420581494346484	0.87279113287135157	0.89883384269010280	0.90381796270990244	0.90914230094810367	0.91589518109611900	0.91512986162442889	0.94755734141033809	0.91686647881544581	0.90149257371639602	0.92440885117168470	0.93795693890675169	0.92655376290881619	0.93000653937422284	0.91942352236301739	0.91362958569865438
24.375000000000000	0.95109319613854848	0.95932296598292344	0.96051014830076586	0.96212550564115018	0.95389587550422628	0.95581160709233437	0.93351535525125429	0.92109171959074887	0.91809693436433948	0.91507165794341272	0.90286348968008145	0.89361242613308034	0.90441924175734123	0.89976405868140041	0.90748603787049587	0.91254551576245624	0.93166268564451082	0.90850055295197973	0.91927993613396664	0.92480396640631513	0.88866781576120768	0.91391158243969217	0.94187029557413793	0.95188077787736880	0.96000454327675599	0.94737040928446015	0.92166054839168576	0.92138963984925304
24.125000000000000	0.94858358960909184	0.96266423288835323	0.96085092655579307	0.95651238772896274	0.95853314510066789	0.96387175696950256	0.95215286030713930	0.92407238143697334	0.90549905237657236	0.91173153849769306	0.93020874908654760	0.88986266863390961	0.88945371200291679	0.92289309145891929	0.92643671823814788	0.91907811918222515	0.90454897755082875	0.89285388818382450	0.89117015922246345	0.91688725496514034	0.93282261303922975	0.93258778929502462	0.95459103417722613	0.96619534313490496	0.96732397513929524	0.93703330566981846	0.90402736609723899	0.93170202298157423
23.875000000000000	0.94336593594956486	0.92831589938484604	0.92167267925032925	0.92009413036582011	0.93024312909697926	0.95152061510483243	0.93360481815174079	0.91514113131906738	0.89008606669055512	0.90938819207024035	0.94528291642488638	0.93708251024031963	0.90986015023532485	0.92791857652048915	0.92618632380190846	0.92624674715072430	0.93813462235556233	0.92752041939905272	0.92802936802848968	0.94151869740254890	0.95740213066174384	0.95715212651208859	0.95937303885681868	0.96215710499377960	0.95055434101803760	0.95411918330693657	0.94664109857671508	0.93878246943407329
23.625000000000000	0.95237293231274434	0.92024644491916707	0.92345451759165509	0.89781028080385550	0.91768119257101743	0.94129365102100249	0.92645230383865385	0.91880004638968704	0.92736497919086813	0.95191775125238076	0.93011294492332097	0.94060931076604437	0.92400073808378069	0.94980801030466111	0.93856923013031934	0.92320382748310370	0.94513217526090265	0.94864626046716538	0.95549624514695997	0.95674467890296511	0.97238462015276061	0.97494514959434131	0.95429760880399850	0.94435226592391253	0.94274890099289743	0.93626956785021320	0.92257911380962732	0.93474804920513488
23.375000000000000	0.92386654238203103	0.92292897677381491	0.91450195831084413	0.91323399167861230	0.92306709440642842	0.93021934389467764	0.93558261712216095	0.92516855908005657	0.95277532827976052	0.94242828992089056	0.93703858420996844	0.96373917559159494	0.94222095210311085	0.93353887112151324	0.93451768999614460	0.94130037257969601	0.95465390246953830	0.95021318727133242	0.95254788298667037	0.97155233869921065	0.98956000856930759	0.97661237889365060	0.94615023119837138	0.94117319175556324	0.94488538175202808	0.93807499565309460	0.92884431871847584	0.93044495149363526
23.125000000000000	0.90592948204895096	0.92804310817405422	0.93394174641562500	0.92595907404783073	0.94124597932158172	0.94274604633000880	0.93779445550153118	0.94399897074489747	0.95603143714366146	0.96261229284062533	0.95283180596874406	0.96428989741317872	0.97548984247137205	0.97617892494280645	0.96547909934086140	0.96400262651206969	0.96382572303817649	0.99383893204224039	1.0043407576078225	0.99552268789591680	0.98850418896399150	0.99068996723662861	0.96909315248462902	0.93611458222068367	0.93564882918160586	0.92473950129803895	0.93350789790458122	0.94217750870024741
22.875000000000000	0.90580672559078901	0.92044548525798586	0.92404179072983750	0.93029968160904153	0.92332028732493043	0.92611016310502081	0.95093687851428632	0.93782886426891521	0.94539766169372674	0.93672790094527825	0.94783147832157699	0.95317456587284077	0.98625673053966234	1.0114791035510171	0.99618332857852698	0.99056365430305648	0.96550348621409676	1.0165020205399273	1.0124833763597119	1.0071936817535521	1.0084602685439776	0.99949205026728283	0.95905271666123770	0.92997931542080337	0.90898664111921412	0.91124833594578503	0.93515384006211377	0.93955450221393844
22.625000000000000	0.91581289877706351	0.92089481634561443	0.92371534425058421	0.92546497602209832	0.91877662375017266	0.93593717801649579	0.94928313731639358	0.95918217635519798	0.95614358264218202	0.94001617954103067	0.93997765659654631	0.95260065333582622	0.98163486860189786	1.0054528564542264	1.0226337132888894	1.0196760736099875	1.0076469928865224	1.0196805015246582	1.0200389475899261	1.0044803590317484	1.0065958271984723	1.0056385900127427	1.0007278077556028	0.96151477620773507	0.90203170108642994	0.93114982604811536	0.94896855682181713	0.94371395277283310
22.375000000000000	0.92772267190922575	0.92645129589673536	0.92974436659795057	0.93604513574286108	0.93864557510155056	0.93862915889499310	0.94637606884262204	0.95685860580728099	0.95219693650059900	0.95026913504496169	0.95849479573425411	0.96915827949147193	1.0030507389799226	1.0247269626258626	1.0257177784894809	1.0029158903667303	1.0024838193129477	1.0192287213548230	0.99874261377140083	1.0077999795319430	0.98139366094622094	0.99727113306288273	1.0045614950297519	0.96382295577805488	0.92393286619933901	0.93593343095079107	0.95146865768493716	0.94760654121372656
22.125000000000000	0.92699837190304002	0.93045785828877414	0.93191752757832647	0.94876083377928089	0.94490357531224445	0.94283456415839129	0.95187667380884711	0.95468396622089347	0.96589957973150076	0.97910820068977988	0.99025531366122588	0.98912565156237564	1.0100380199340933	1.0209144959129226	1.0305310738888083	1.0065966554391808	1.0022517029958373	-999.00000000000000	-999.00000000000000	0.99652969161674465	0.97708542064213133	0.96238602003526819	0.98362507337807181	0.95800306903925414	0.92243996451226085	0.94828968026595073	0.95087568717541648	0.94922416925486708
21.875000000000000	0.93103011369226185	0.93421805838203198	0.93214737610500631	0.94081556198214866	0.95124776884887330	0.94352793164265825	0.95226107586446340	0.94231004731684898	0.93710861811991852	0.94676865856725079	0.95918949267074016	0.96779768840698543	0.94994516754738945	0.99752972107148052	1.0199440215061111	-999.00000000000000	-999.00000000000000	-999.00000000000000	-999.00000000000000	0.97986580201554074	0.96823775255189704	0.94916602792641092	0.94339119798911020	0.93261339996681203	0.93927807460213841	0.94332590938543903	0.94656862299847189	0.93806150925850418
21.625000000000000	0.92867582448901187	0.93416947608200163	0.93309560770015254	-999.00000000000000	0.92795644800116228	0.92535044282102596	0.89393587033472222	0.91720318465786321	0.92437610890146393	-999.00000000000000	-999.00000000000000	-999.00000000000000	-999.00000000000000	-999.00000000000000	-999.00000000000000	-999.00000000000000	-999.00000000000000	-999.00000000000000	-999.00000000000000	0.94710919840966712	0.98209688087114921	0.95504677254595438	0.92960585222240377	0.94004251636905145	0.94495722793052539	0.94535889183797939	0.94338699871395448	0.95315755915333267
21.375000000000000	-999.00000000000000	-999.00000000000000	-999.00000000000000	-999.00000000000000	-999.00000000000000	-999.00000000000000	-999.00000000000000	-999.00000000000000	-999.00000000000000	-999.00000000000000	-999.00000000000000	-999.00000000000000	-999.00000000000000	-999.00000000000000	-999.00000000000000	-999.00000000000000	-999.00000000000000	-999.00000000000000	-999.00000000000000	-999.00000000000000	0.95318090898563124	0.94467767443412187	0.93486253375676187	0.94207587717614028	0.95056433168156329	0.95307761277576175	0.95420518194632620	0.96058560714620522
21.125000000000000	-999.00000000000000	-999.00000000000000	-999.00000000000000	-999.00000000000000	-999.00000000000000	-999.00000000000000	-999.00000000000000	-999.00000000000000	-999.00000000000000	-999.00000000000000	-999.00000000000000	-999.00000000000000	-999.00000000000000	-999.00000000000000	-999.00000000000000	-999.00000000000000	-999.00000000000000	-999.00000000000000	-999.00000000000000	-999.00000000000000	0.92800807419147024	0.92309473531680108	0.93147122893190026	0.94367579952860114	0.94615497013604344	0.94990253161819904	0.95872252109612222	0.97268853666962740
20.875000000000000	-999.00000000000000	-999.00000000000000	-999.00000000000000	-999.00000000000000	-999.00000000000000	-999.00000000000000	-999.00000000000000	-999.00000000000000	-999.00000000000000	-999.00000000000000	-999.00000000000000	-999.00000000000000	-999.00000000000000	-999.00000000000000	-999.00000000000000	-999.00000000000000	-999.00000000000000	-999.00000000000000	-999.00000000000000	-999.00000000000000	-999.00000000000000	0.92965131377409849	0.93313476092220549	0.93111676785494002	0.93686069769690417	0.94890906429172550	0.96384690746759472	0.97811813868749597
20.625000000000000	-999.00000000000000	-999.00000000000000	-999.00000000000000	-999.00000000000000	-999.00000000000000	-999.00000000000000	-999.00000000000000	-999.00000000000000	-999.00000000000000	-999.00000000000000	-999.00000000000000	-999.00000000000000	-999.00000000000000	-999.00000000000000	-999.00000000000000	-999.00000000000000	-999.00000000000000	-999.00000000000000	-999.00000000000000	-999.00000000000000	-999.00000000000000	0.93387184203919704	0.93930158000216202	0.93594733304302657	0.93513825618649593	0.94018810929560503	0.96674821517956389	0.98342482577131596
20.375000000000000	-999.00000000000000	-999.00000000000000	-999.00000000000000	-999.00000000000000	-999.00000000000000	-999.00000000000000	-999.00000000000000	-999.00000000000000	-999.00000000000000	-999.00000000000000	-999.00000000000000	-999.00000000000000	-999.00000000000000	-999.00000000000000	-999.00000000000000	-999.00000000000000	-999.00000000000000	-999.00000000000000	-999.00000000000000	-999.00000000000000	-999.00000000000000	-999.00000000000000	0.93817687157969032	0.93834211766494613	0.93147569195441171	0.93705006489060705	0.95178928157669651	0.96718619067999823
20.125000000000000	-999.00000000000000	-999.00000000000000	-999.00000000000000	-999.00000000000000	-999.00000000000000	-999.00000000000000	-999.00000000000000	-999.00000000000000	-999.00000000000000	-999.00000000000000	-999.00000000000000	-999.00000000000000	-999.00000000000000	-999.00000000000000	-999.00000000000000	-999.00000000000000	-999.00000000000000	-999.00000000000000	-999.00000000000000	-999.00000000000000	-999.00000000000000	-999.00000000000000	-999.00000000000000	0.94074995933547723	0.93904682939202566	0.94011875667060063	0.94101657699764429	0.95335130754876596
