xmlns:cpt=http://iri.columbia.edu/CPT/v10/
cpt:ncats=3
cpt:field=prcp, cpt:C=1, cpt:clim_prob=0.33333333333300003, cpt:T=2019-11/2020-01, cpt:nrow=32, cpt:ncol=28, cpt:row=Y, cpt:col=X, cpt:units=probability (%), cpt:missing=-1.0000000000000000              
	87.125000000000000	87.375000000000000	87.625000000000000	87.875000000000000	88.125000000000000	88.375000000000000	88.625000000000000	88.875000000000000	89.125000000000000	89.375000000000000	89.625000000000000	89.875000000000000	90.125000000000000	90.375000000000000	90.625000000000000	90.875000000000000	91.125000000000000	91.375000000000000	91.625000000000000	91.875000000000000	92.125000000000000	92.375000000000000	92.625000000000000	92.875000000000000	93.125000000000000	93.375000000000000	93.625000000000000	93.875000000000000
27.875000000000000	27.545706103430746	23.464707524804822	23.343099346235746	24.008434437623293	29.518437115482669	31.813830375197426	28.297804385671853	25.400080817261085	29.173386213645742	28.794284894163368	22.851080282655630	23.317484748756527	22.116891100829832	19.708452978249142	20.856374262333333	18.125944463317623	22.174824454747451	18.249316793465283	23.011594775393178	21.029437573845925	29.249325810525235	31.555685895092566	29.821293845196109	23.907670362685877	20.775166676341684	22.316037490670567	24.675923672192454	25.075389061386730
27.625000000000000	23.930831755737387	23.814888185954004	23.818088346403172	24.368876894181327	29.240787806059856	25.041400368261790	27.467832082318182	23.594269310025823	26.313775419676233	22.153090560066346	20.574068879842457	20.844579519745594	21.824591996448433	20.698338752471983	18.746186815001238	17.735717031264130	20.907437860121334	22.640446452282006	20.831608014545637	21.182946530935951	18.844990696364960	23.137041327788992	21.578971220089556	20.119315673897461	24.094440986296902	24.486022680328205	24.024522554370776	25.028855022599345
27.375000000000000	22.743632709563443	23.687130325780387	22.557813549237096	23.157170804558660	24.297006267141427	26.115123380482473	25.308376992218129	23.090957679884269	20.803610162501585	19.781873995699499	20.425583007137831	19.920280863301912	19.666928031095338	18.651138695159688	18.947339594416277	18.345200381923675	20.845217479345862	20.375505811467761	17.973980895730207	19.566026978520640	23.676325893505506	20.877442438090554	19.780134689370243	19.348557948551814	23.866009474605022	24.940425231129822	23.323268383880986	24.948328771706670
27.125000000000000	23.649211177294433	22.900411587045596	23.088983159835990	25.871716418998787	23.764628456589719	22.285015452944791	22.283054722051190	23.493824794124265	19.585000931749647	20.754099378239005	20.676338420969103	18.602719383256442	18.634974173769720	19.622093238171018	19.519986922013317	20.315320185749968	18.090466882410794	19.619887066651089	19.048348692892944	18.339422451557880	19.666566155057168	17.309713929812489	17.451820675429445	19.554698160237166	20.491524080032377	21.004264681680525	21.822721246000043	23.613787877487042
26.875000000000000	25.700489831422146	23.663844813633347	22.632349698442567	22.564006920008907	22.309330888932493	19.859857304307241	21.106268405513489	21.002240700056092	19.271267104784812	20.781319171871999	24.229979810684583	21.264329792398996	19.700218914058794	18.787046490787958	18.592954416414813	16.966229702739511	17.542852648307644	17.383452551225176	17.827718560108892	18.370448552603790	18.161909742850725	17.687506130200703	18.193661183403037	17.490087082536505	18.624487060180812	19.338532761536626	19.673315666272629	21.553976126115629
26.625000000000000	28.506062344843542	22.799305486212489	22.412450508974203	23.073108914928582	25.409359156633315	24.764445153000892	19.988753559049741	20.774777143777627	18.845166364980969	18.112571489898812	22.136152834173430	20.101392697964798	17.385240257733074	16.427773038694809	17.115869431146407	17.349047450434000	17.805016027522683	18.082124032145984	17.763164873605419	17.682762462658729	17.582811188356445	16.998608756599339	16.862940997560912	16.915427306593898	18.639069292842706	21.603699642038976	22.199551387501387	19.186278312762155
26.375000000000000	22.723678415076293	21.190446411628812	20.506467872066068	21.097665539124222	21.918248797093426	21.612104894474044	21.026397916239333	20.018082698516622	19.345556162606698	20.194964585224113	20.726620757001669	17.123217403080801	15.025373355780175	15.290905811066395	16.577860045891740	16.401862805550977	16.949844742723641	16.988151890444371	18.522240846761690	17.404343257673261	17.631289197113347	16.421356109382685	16.184078653259817	16.184766705770343	15.795064655740646	19.729133072753882	20.219812157642821	18.834237844664329
26.125000000000000	20.820499633406158	20.500517144363627	19.025297453302301	19.861575154460525	19.971684504476769	19.416138325546058	18.533801628289126	17.201610508341943	18.529837359707614	17.914441195454060	16.810743960911964	15.754868624450097	15.038052960271614	14.937714314474789	14.830376039691970	15.219156882926114	15.909750570466485	16.821782741485009	18.458938123685613	18.083344305475038	18.528303136623620	16.336972517412192	16.722757364007677	17.392772024400230	17.827910256604014	19.171803820314182	16.537551774158786	16.599882162444644
25.875000000000000	18.369407805585780	18.422591882393263	20.122587079126760	20.508144740359782	18.262854891929251	17.920392082976960	18.543334017923712	17.503272677520215	17.953582272523647	17.142969913288610	17.334615562391747	15.484340538640780	15.030020917625677	14.569245049903884	14.937646926740911	14.531717687045187	15.360011631610803	17.118759579801605	16.318336542887764	17.130285224340454	17.138722711925396	16.975457041258380	18.510331163781771	16.604570755732240	15.701916308109986	14.889092851837731	15.586354198976665	15.521076646310860
25.625000000000000	19.573815182792998	19.121542848444264	19.177031987586830	19.633021106287714	18.844472315227023	18.201216416534436	18.917222187106759	18.228578884664302	17.483463254901849	16.554821326479825	16.056843750620203	14.877951870475954	14.608954073391132	15.135759559554799	15.888753072768807	15.038249422981281	16.247644263399039	15.630185652279522	15.542205810358496	15.305881605199630	15.475319740203986	16.442542172386140	17.599456456101237	16.337502188771964	16.155677270788999	16.198310851409133	15.987453110687483	16.363477285246347
25.375000000000000	19.729054286511996	20.259506413518992	18.556295831597396	19.162498230775000	17.934951020870940	18.187297936727759	18.385449296558747	17.991418416439458	16.153799201460842	15.376339166900209	14.994034686865433	15.110287552185227	14.782251581039262	15.423577606431778	16.866193966938965	15.548800442563589	13.464661093327365	16.067259344601283	15.042856989025182	13.848931276780235	14.576230255945745	15.011143416835253	15.242398123592920	15.289428322289695	16.589279365989725	17.006861450481978	16.901820122079954	16.564347571813940
25.125000000000000	19.727740270496412	19.822959039738549	19.986170319457614	19.924890697662306	18.667874193257674	18.470640728404817	17.611985471847191	16.746954714517457	15.339896346557239	14.734845782628099	14.142504978532642	14.550072463707835	14.528533463318055	14.532646509495507	14.052060938396224	14.530754471978383	14.437834362300364	15.089957191429875	14.714739434569594	14.994668614765288	14.993881620586620	15.288739377329577	14.929773954250507	15.318825716268947	16.174130222564401	17.947374700360328	17.553046901613328	16.734929269421841
24.875000000000000	19.787402730640991	19.658064037616867	20.121409504705625	19.182702723004127	17.188720016344618	16.758348842841741	15.209894794242814	15.014236817079336	13.941337653733200	13.838287899841191	13.944169110688321	14.571853779561394	14.954998105854656	13.936441312860353	14.064151466730110	13.641215312236241	13.713200590445012	14.537619486666529	13.973335300207012	14.639007656997350	15.325608443293277	15.985111771356358	15.893410516483968	15.835598881480124	17.267313765164388	17.449500673692214	17.617466583295283	17.011653996936047
24.625000000000000	18.491075330288751	18.187396371192705	19.122805512191903	18.079455165929460	16.796735783166895	16.236739632184580	15.150138495727177	15.366305048653572	14.650900379301518	14.951483437866770	15.205161133260745	13.868351834096700	13.813690302618227	14.404460058146569	13.855224097141118	14.445906921924447	13.617777870526567	13.751366361164358	14.191545043479564	14.447043100855069	15.690666892907672	16.120208813174997	16.039966526849952	15.532479476864935	16.467374870477798	16.607438098133130	17.397502926271329	16.529507699687358
24.375000000000000	18.370570657312285	16.940032123212518	18.099593745474706	18.187783897428815	15.715735202800673	15.422958704030762	15.734315186219021	15.305225450792960	14.734568295222871	15.109212302275793	14.997273706871709	13.726678475429310	13.755348090552886	13.520213651658452	14.067569584003479	13.913957196308289	13.456966006809594	14.348576384169220	15.023227118430015	14.518167996993597	14.760678907131890	15.582350399416327	15.761688658130126	16.088282448343946	17.294788236068996	17.109674432251353	18.216752227332790	17.520405844153004
24.125000000000000	19.084529157094892	17.082138285142918	16.914424157859557	16.266944614682998	15.840665156714834	15.561336855291671	15.535739358867033	15.419882884312130	14.513045552891995	14.617214573067344	14.050946564816940	14.088460207136407	14.288570675497255	14.095583423348060	14.989539513937743	14.445444148857177	14.163302734367832	14.126140019518303	14.070249077086046	14.457333406465054	14.393547768575218	15.614074194809106	15.885039078358403	16.739181880083763	17.846268373981175	18.196591871416700	17.065277566500981	17.531866188240542
23.875000000000000	18.222495425692514	16.370835046411486	16.243507353840343	16.187440488123798	15.581186972704472	14.986364627850719	14.814490491536375	14.514403303065066	14.259701205577457	14.181694291132942	13.512763417822057	13.966929341366736	14.349820470619619	14.664199156692135	14.379279196006024	14.603158337492346	14.255461267281348	13.690804099004296	14.051866896337046	14.426368617340103	15.295998475093768	15.578947667827407	16.538654912828960	18.252998281039581	19.618584306842834	19.137053803452801	18.973641424336108	17.447021936490131
23.625000000000000	17.580001393027857	17.093798781978521	16.757371345482028	15.851502893587210	15.863962069267174	15.318625390835535	14.592712836453330	14.759680263512337	14.173326379070616	14.354902600009609	14.260727996613682	14.179634848532018	14.095136853314358	13.720791986809473	14.326600426433572	13.953436395684378	14.262527902321949	14.108335526910764	14.385596669064626	15.575099959102928	16.261197976000659	16.529618885572845	17.033272650866564	16.941507754113886	16.771034621974650	17.710945797392171	18.130053073159885	17.821627390389622
23.375000000000000	16.645623154651062	16.847722437332195	16.252567516502353	15.493829173805423	15.217356198741669	14.981008320597894	14.209650627336728	14.071650092302264	13.743426593726966	13.928677257012993	13.992161893411662	13.711605272679861	14.481476552632373	14.247682841551494	14.882703531967650	15.532295405571929	15.260849835351110	15.491124756076616	16.014086457014784	15.781707443669418	16.216140344410846	16.722476485449334	16.159123557021289	16.300828721929719	16.511925616116514	17.294949917447482	16.956571201372071	15.466132323609358
23.125000000000000	16.639817465653422	17.304932237228087	15.473007184729056	15.075817636375191	14.579544533979671	14.844059597741321	15.297474437132522	13.715381503939057	14.370312723919625	15.238004500574249	14.473634291778026	15.083233054530410	14.339762901227488	14.921848678929862	15.371584088657869	15.320625912185832	15.247675304511603	14.861674599290311	15.882969136482075	15.692847420633427	16.939349279253889	16.128763934884645	15.734968022401119	16.092122915371235	16.419843800434123	16.790326873202872	15.920921911433581	16.919963690975749
22.875000000000000	17.760696274972986	16.885184667318839	16.044660148141247	15.319446821981700	15.074259341206570	13.645635341769164	14.808934419841037	13.865160078731265	14.310947439113093	14.768582944914826	15.558052377131375	15.200096774441349	15.409324930681763	15.123101586534077	15.176945615708931	16.557105839769662	15.672331240150527	15.346251461907116	15.970812703311580	15.789582876060678	15.741456811111320	15.012990449372111	14.687180037977470	15.860866101978061	16.282817767639486	16.456329387517400	17.634676033639266	17.106038540427647
22.625000000000000	17.563917606463804	16.386748561556146	15.633604555505499	15.003208857567529	14.999628017244319	14.186662818139212	14.553991962146696	14.211665259217554	14.010374661656115	14.941090430574306	15.288264337396413	15.446334489117831	14.921705031673241	14.779899638352774	16.932337808215195	17.319936644197938	17.548277472304278	15.787059265440121	15.094408239974968	14.613100787522853	14.708028125161377	14.538201272605789	14.496147406593082	15.785138449302195	16.911093928204764	16.673987742061755	17.592940602542569	16.158758079067638
22.375000000000000	17.705753772839159	16.564316894640683	16.632310709259912	15.909410556129771	14.608225806809330	14.512332359951301	14.914979404610961	15.420506340488302	14.689339135942859	15.242955031608091	15.740450401280853	15.773334590285188	16.618115955629904	16.122171206715208	17.795462631193118	17.185722456946081	15.407161738997928	14.937103185346572	15.088503683744094	15.368228144872987	14.605177760519268	14.390224470316781	14.628823156754962	15.961903692347605	16.510000112810076	16.561456094261700	17.693591280314621	16.779047103008111
22.125000000000000	18.171981166493794	17.984097606967197	16.339307565009079	16.036097419172592	15.574711828597827	15.106321741603722	15.201221876304174	14.842210389964933	14.787406974281453	14.996516929164528	15.642928600822685	15.409271181550650	15.760245295122886	15.667824432873047	16.240989997864659	15.010924920086467	14.882872815025863	-1.0000000000000000	-1.0000000000000000	15.437345901468476	14.900214910488003	15.380366216235828	15.063086349456100	15.741770816769545	16.371917426868720	16.327328207725984	16.932983418265664	17.095568831104174
21.875000000000000	17.357766515048695	16.679849786826225	16.234362316563576	15.616075451009209	15.416323135519534	14.915276185609088	15.080141928706212	14.477639488970141	14.323137766905745	15.144196652312033	15.146535789538888	14.299403140432602	15.313507759042238	16.477115396099038	15.629091847623016	-1.0000000000000000	-1.0000000000000000	-1.0000000000000000	-1.0000000000000000	15.618512250260252	16.280767522470654	15.758524905641906	16.100348941089166	16.714390925398774	17.033451869146631	17.319129795238524	18.272356869057177	16.577189803559691
21.625000000000000	17.156433673389500	17.977446538812160	15.748235649350647	-1.0000000000000000	15.607816138679226	15.629265352442388	15.300029392721854	15.979293142437157	15.303860795142228	-1.0000000000000000	-1.0000000000000000	-1.0000000000000000	-1.0000000000000000	-1.0000000000000000	-1.0000000000000000	-1.0000000000000000	-1.0000000000000000	-1.0000000000000000	-1.0000000000000000	16.419288345950704	15.977217665788814	16.469364141961890	16.394317611489981	16.405361923530720	17.127639791985771	17.315961786478042	18.311239815257849	17.431711068736050
21.375000000000000	-1.0000000000000000	-1.0000000000000000	-1.0000000000000000	-1.0000000000000000	-1.0000000000000000	-1.0000000000000000	-1.0000000000000000	-1.0000000000000000	-1.0000000000000000	-1.0000000000000000	-1.0000000000000000	-1.0000000000000000	-1.0000000000000000	-1.0000000000000000	-1.0000000000000000	-1.0000000000000000	-1.0000000000000000	-1.0000000000000000	-1.0000000000000000	-1.0000000000000000	16.356967538927833	16.615676694684623	16.617499297506640	17.599507626913450	17.923752602502873	17.420322367962797	17.457243783879505	17.710037930429152
21.125000000000000	-1.0000000000000000	-1.0000000000000000	-1.0000000000000000	-1.0000000000000000	-1.0000000000000000	-1.0000000000000000	-1.0000000000000000	-1.0000000000000000	-1.0000000000000000	-1.0000000000000000	-1.0000000000000000	-1.0000000000000000	-1.0000000000000000	-1.0000000000000000	-1.0000000000000000	-1.0000000000000000	-1.0000000000000000	-1.0000000000000000	-1.0000000000000000	-1.0000000000000000	17.485912771979912	16.944904658831831	17.254223505446504	18.310070875517340	18.518688910540931	18.352845669449991	18.949804456591508	18.590756480615227
20.875000000000000	-1.0000000000000000	-1.0000000000000000	-1.0000000000000000	-1.0000000000000000	-1.0000000000000000	-1.0000000000000000	-1.0000000000000000	-1.0000000000000000	-1.0000000000000000	-1.0000000000000000	-1.0000000000000000	-1.0000000000000000	-1.0000000000000000	-1.0000000000000000	-1.0000000000000000	-1.0000000000000000	-1.0000000000000000	-1.0000000000000000	-1.0000000000000000	-1.0000000000000000	-1.0000000000000000	17.010810828299071	17.923040067983180	18.506899383099139	18.136894973176808	19.421355544297683	19.439020818085979	17.930647803255326
20.625000000000000	-1.0000000000000000	-1.0000000000000000	-1.0000000000000000	-1.0000000000000000	-1.0000000000000000	-1.0000000000000000	-1.0000000000000000	-1.0000000000000000	-1.0000000000000000	-1.0000000000000000	-1.0000000000000000	-1.0000000000000000	-1.0000000000000000	-1.0000000000000000	-1.0000000000000000	-1.0000000000000000	-1.0000000000000000	-1.0000000000000000	-1.0000000000000000	-1.0000000000000000	-1.0000000000000000	16.871062049617564	17.603197790524646	18.483968968390457	17.762771964079732	19.119290575650510	18.353426255441164	19.338807437170303
20.375000000000000	-1.0000000000000000	-1.0000000000000000	-1.0000000000000000	-1.0000000000000000	-1.0000000000000000	-1.0000000000000000	-1.0000000000000000	-1.0000000000000000	-1.0000000000000000	-1.0000000000000000	-1.0000000000000000	-1.0000000000000000	-1.0000000000000000	-1.0000000000000000	-1.0000000000000000	-1.0000000000000000	-1.0000000000000000	-1.0000000000000000	-1.0000000000000000	-1.0000000000000000	-1.0000000000000000	-1.0000000000000000	17.541184565607765	18.583698738892963	18.404306063073889	17.880667491477411	18.274939423753537	19.536902209151904
20.125000000000000	-1.0000000000000000	-1.0000000000000000	-1.0000000000000000	-1.0000000000000000	-1.0000000000000000	-1.0000000000000000	-1.0000000000000000	-1.0000000000000000	-1.0000000000000000	-1.0000000000000000	-1.0000000000000000	-1.0000000000000000	-1.0000000000000000	-1.0000000000000000	-1.0000000000000000	-1.0000000000000000	-1.0000000000000000	-1.0000000000000000	-1.0000000000000000	-1.0000000000000000	-1.0000000000000000	-1.0000000000000000	-1.0000000000000000	18.054936095361612	17.949750998907945	17.568376361392836	19.509297599257565	20.760095506361267
cpt:C=2, cpt:clim_prob=0.33333333333400000
	87.125000000000000	87.375000000000000	87.625000000000000	87.875000000000000	88.125000000000000	88.375000000000000	88.625000000000000	88.875000000000000	89.125000000000000	89.375000000000000	89.625000000000000	89.875000000000000	90.125000000000000	90.375000000000000	90.625000000000000	90.875000000000000	91.125000000000000	91.375000000000000	91.625000000000000	91.875000000000000	92.125000000000000	92.375000000000000	92.625000000000000	92.875000000000000	93.125000000000000	93.375000000000000	93.625000000000000	93.875000000000000
27.875000000000000	5.4504336524015145	4.9279860349757882	4.9781714882457777	5.0360835610034371	5.5851275338633002	5.7898871439677961	5.5544309364224773	5.2371560372859989	5.5882732968073014	5.5923716498414251	4.9282539827976564	5.0586027663435544	4.8829251000770171	4.5636548386611935	4.7701081336708029	4.3260079403361260	4.8781481216610132	4.3371657791697231	5.0136753614988834	4.7586133335666574	5.6582133265861643	5.8709625231025981	5.9058234116912587	5.0540456268658005	4.6859102408644731	4.9522980131326193	5.2186335786749538	5.2660435533990437
27.625000000000000	5.1124276809844389	5.0919459285542530	5.0095417755652107	5.0480714424301141	5.5838113908816212	5.2055900913409374	5.4417136450137349	5.0345877255686844	5.3431102774098349	4.9184550137618146	4.5926129045112276	4.6946860417958476	4.9657619599449419	4.7948529883033899	4.4867026157449601	4.2240933245225563	4.7328751536554989	4.9755294914679666	4.7370730360406412	4.8858177753827903	4.5509679885538503	5.1470476939600900	4.7988215964821705	4.5809499971150558	5.2325841793306154	5.2688699349330648	5.1925155846392670	5.2576701553050071
27.375000000000000	5.0011063688656350	5.0905892685904917	4.8569418074398243	4.9358541945993011	5.1014596924390219	5.1867176051455885	5.1180058762750633	4.8964674133448227	4.6642401210444007	4.6005812302398823	4.6141618878476578	4.5639878476977032	4.5640421386747505	4.3798700666309429	4.3825784827047443	4.3120669717246756	4.6466162237301774	4.6116348316759996	4.3758511409650396	4.6525329988195807	5.1346854923654774	4.7333423079527961	4.5685624685087447	4.4948707205681160	5.2192387791599231	5.3256558201080963	5.0989525478016162	5.2784728060768344
27.125000000000000	5.1171006722895243	5.0519590208256204	5.0302511799512928	5.3040553152540184	5.0274672380374739	4.8172225212774578	4.8095985309639246	5.0006963059160086	4.6165643712772066	4.8426012169362025	4.7239339642960658	4.4234835875300575	4.4588038201991935	4.6634046517380625	4.5692079283019353	4.5806717272377568	4.3107461946473506	4.4322345707794284	4.4085743684698286	4.3388037860269151	4.4957738697741974	4.1634634858307038	4.1855244820607709	4.6063134104227714	4.7600247416263670	4.8068907632621176	4.9081421134263650	5.0991003975382938
26.875000000000000	5.3491805106302763	5.1744341953703952	4.9783818660316399	4.9701133166249036	4.9644611157096108	4.6076813893929938	4.8638251319133587	4.8825660621866263	4.6206056799812245	4.7978394724252098	5.2302943807067805	4.8004774276055713	4.6426571856291048	4.5737472746057648	4.5203688516600096	4.1852240403748482	4.1970282904993468	4.1880523251650175	4.2125709541526675	4.3055520531724909	4.2761849648197909	4.2495053126557281	4.2793083142408364	4.1959122362850678	4.4279893241857025	4.5781095993534535	4.5462714494136236	4.8276459747813050
26.625000000000000	5.6109938750291093	5.0416380428804928	5.0757512120299850	5.1223740171052583	5.4031626295194570	5.3405968452838124	4.6980149128792874	4.7438801813218703	4.4235385411478489	4.3714846791562962	4.8733017469013618	4.6961522559430335	4.3328044249381605	4.1467250792612731	4.2413895413744740	4.2136711981041088	4.2380795321896727	4.2548803399371451	4.2340294981218420	4.2176191971382622	4.2009991429523552	4.1885456299018387	4.2304492898353203	4.1221594905055809	4.4312102433914191	4.8116202987105936	4.8650682798162421	4.4902942167425408
26.375000000000000	5.0678969593615335	4.8997867644938822	4.7465285461291131	4.8654402727029264	4.9977515606519063	4.9049242375748889	4.7297363798774796	4.5916426742501812	4.5425515645288073	4.7134601700085312	4.7507414209750749	4.1837465205057214	3.8368391045099912	3.9253147088171971	4.1421816608914241	4.0604268607592360	4.1291472869101824	4.1180771826400075	4.3195288714116487	4.0960999073125635	4.2520683899052614	4.0749223538765307	4.0300360840950873	4.0242355980803524	4.0127873531286014	4.5849235494021912	4.6681055206237403	4.5005889345232077
26.125000000000000	4.8008602003129397	4.7277432874299876	4.5290534373071694	4.5667145029436682	4.6194532027499093	4.5195546119717704	4.3795749545045339	4.2473608870085826	4.4500388310987518	4.3545214719560761	4.1817129365372949	3.9054373045711230	3.7989133244664686	3.8301829702895134	3.8367618973742168	3.8929276720163983	3.9652151760868293	4.0729331245700848	4.2996884023355904	4.2765150424998666	4.3728723651377663	3.9820037503865535	4.0681011842431332	4.1993807249626940	4.2138642331958778	4.5143903794210161	4.1016297813254567	4.1297394132269005
25.875000000000000	4.3658794958225684	4.3951565287642325	4.6083478218925791	4.6632302407534638	4.4104455493442032	4.3447047929803091	4.4314895352668913	4.3467303245898989	4.4515929650304003	4.2531203129444748	4.1632968002194133	3.8315010987720655	3.7625321279184192	3.7282782184929744	3.8118505973021541	3.7946745318256205	3.8876082459771766	4.0747330464078999	3.9716000232361210	4.0983707165606376	4.1405491992081807	4.1074695668574890	4.3107640994081606	4.0351250285997367	3.9161195288762656	3.7980729222193901	3.8674383288256848	3.8964040616886706
25.625000000000000	4.5492746650625548	4.5583519743052818	4.4841252775320868	4.5189947668667543	4.4585879634050798	4.3796280807025454	4.4554727850416924	4.3538671558393389	4.3045484463025474	4.1293497936089238	4.0204185882860202	3.7876629682073855	3.7386090633255264	3.8539903400270390	4.0088531178270159	3.9500006330179787	4.0274184298558566	3.8671457313763966	3.8333470036456703	3.7636529687601552	3.8358759826142546	3.9851241836142748	4.1299099240199553	3.9948503537069229	3.9476588538439330	3.9814928092272197	3.9568687247384560	4.0446696311429378
25.375000000000000	4.6558122611718602	4.6513803828270710	4.3952773634452171	4.5006967009555723	4.3370149752832532	4.3633968902993843	4.3780909308853637	4.2729248290475113	4.0550446330991008	3.8579157038885654	3.7595269179244468	3.8466785241257639	3.8179296626404664	3.9289852097077897	4.1282449601505959	3.8938839921891599	3.5455772658266937	3.9383460703112405	3.7737363938024657	3.6009893339429624	3.6794129679848737	3.7471246621520038	3.7510557392974135	3.7611598331924654	4.0350550346014273	4.1217350979456882	4.1076210732831271	4.0638347704491480
25.125000000000000	4.6742514857060655	4.5641631188167651	4.6436628333048162	4.5430907784313774	4.3925597715074787	4.3823012621237467	4.2413990554533711	4.0828385090210020	3.8196258303722175	3.7199361727040952	3.6383560868519851	3.7007677040678857	3.6857633404541019	3.7231695334933477	3.6561033499406363	3.6288525445326911	3.5872339829849977	3.7171103448729639	3.6933350305467769	3.7762302835384816	3.7326774199743369	3.8013347348338158	3.7099244114851757	3.8095197401952277	3.9677932366192152	4.3052180898264254	4.2888806428005495	4.1718252089317787
24.875000000000000	4.5987838742419456	4.5495085178277179	4.6202223260333426	4.4361231790820028	4.1376935172222176	4.1110301362632811	3.8391467115649220	3.7882715033765919	3.6016523917540582	3.5856288468736892	3.6545417860554039	3.6398334129317789	3.6731404668042984	3.5913005876261224	3.5910757014634527	3.5222542893130964	3.5116804386565406	3.6092242523150304	3.6022038406440231	3.7133457028933776	3.7420759816286875	3.8623537252900775	3.9417794695042971	3.9597306808884127	4.1467699994248761	4.2054660910901447	4.3177861588133197	4.2686076096129995
24.625000000000000	4.4289152212144955	4.4176908859658681	4.4682712194011032	4.3442650229996218	4.1068502269104243	3.9588181456143587	3.8089680983302685	3.8502386567221834	3.7224098067927827	3.7173632231217653	3.7448208460008345	3.6045377028088694	3.5373963586045676	3.7019979120620832	3.5623118093013915	3.6472168779235687	3.5678125137615950	3.5511231355456516	3.6467245829388304	3.7837516495298757	3.8749690401667607	3.9695448393411255	3.9887851831667547	3.9435180591112697	4.1238507712927657	4.1185971098659309	4.3243761890850578	4.2105778284600603
24.375000000000000	4.3734036321489498	4.1538960760905326	4.3309325385492059	4.2836148037466302	3.8781959758554905	3.8670970400480371	3.9152676358492755	3.8611302277233506	3.7225322351969368	3.7777747568008664	3.7231774555028636	3.6005102986188433	3.5980882260284233	3.5027025768814894	3.5851997002069993	3.5704776186646683	3.5614085977380796	3.7162378412532178	3.7920126193950665	3.8355289398662649	3.8226282043408730	3.9070658401330434	3.9847224752961523	4.0383340839347994	4.2593038067574867	4.3247618028344590	4.4247626925567118	4.2720313285159222
24.125000000000000	4.4758577899156364	4.1594024157879090	4.1844405597458945	4.0027123909419515	3.8896894153522226	3.8908585073569668	3.9191490956637836	3.8853723159960083	3.7349483426247048	3.7480397005521979	3.6439981223863782	3.6050583748542664	3.6366504895305098	3.5905315271347860	3.7375102385204997	3.6967792196249434	3.6786083590448442	3.6902022439239346	3.6803275436702449	3.7525199238117466	3.7605661762966633	3.9599316512012308	4.0565073463851888	4.2273297822155200	4.3312499568107086	4.3787638663783355	4.1758519457054746	4.2442362373302274
23.875000000000000	4.3981506446940699	4.1185552053754151	4.0619367862622369	3.9504838063025431	3.8418082471773545	3.7921101905826049	3.8155908360615740	3.7717681276048722	3.8036204811169654	3.7506372283331473	3.5664402352313260	3.6046393897964180	3.6691927227322907	3.7201344250488972	3.6793355141266204	3.7691515451554523	3.7578987710314351	3.6853298982244240	3.6791083319127296	3.7671646543733033	3.9680212737786462	4.0914694157792724	4.2156985356762675	4.3973591604059266	4.5577801431184639	4.4546198851441119	4.3972003596845610	4.1783213753758730
23.625000000000000	4.3189187933688231	4.2276528935994548	4.0603585910821778	3.8705375531020536	3.9234747817565392	3.8356598263670634	3.7386507532444000	3.7630934444716218	3.7224414300154365	3.7419532887293343	3.7076116624996160	3.6281952205140584	3.6492002792621889	3.5951760895977145	3.7513596570873062	3.6999220028989015	3.7835904221361290	3.7807797136568411	3.8509937230896867	4.0534904719414868	4.2344855035141507	4.2753295672447535	4.3283331481314491	4.2727433365889169	4.1481954658650153	4.2261110293755735	4.3064829427966345	4.2422806655318510
23.375000000000000	4.1509756816595171	4.1355121255912337	3.9408243242485383	3.8003177102802113	3.7425770511640906	3.7022387594720385	3.6586090388225756	3.6429976058257694	3.6424182241001688	3.6786092759498246	3.6681438208344161	3.6350319319580962	3.7524142187129996	3.7143523136991234	3.8516459992689249	4.0898573404409575	4.0140433095369019	3.9955419502735197	4.1006447933520462	4.0783859663705897	4.2052429766874724	4.2939844910263218	4.1507556188289243	4.1639746363263015	4.1396055583873022	4.1960374633961237	4.1127370211377183	3.8385196655475653
23.125000000000000	4.0893762857226932	4.1973277850767374	3.8206901731147696	3.7366768180365568	3.6981696064893157	3.7747503655429284	3.8188604470735328	3.6347460152404523	3.8122267004443273	3.9257935767202525	3.8262809637347885	3.9759885102466086	3.8468049951216585	3.9214825744148953	3.9307949388890364	3.9684337087960415	3.9438762743431255	3.8927727056572081	4.0904751416482128	4.0584162886179627	4.3060835326129592	4.1213761126065549	4.0305983817184341	4.1052652279619650	4.1274499277866994	4.1325157849150997	3.9259828701640203	4.0729380447774588
22.875000000000000	4.2000586680581762	4.0447151469366247	3.9044207680622520	3.8146285162335403	3.8162971692089940	3.6136498309470113	3.7980840069256061	3.6938650799592949	3.7488357970137400	3.8477820379671641	4.1011884074733729	4.0697867249240574	4.0345936469389017	3.9200032779374112	3.9045110076883276	4.1365868813558109	4.0408538984512319	3.9561973740794087	4.0725852476921318	4.1023117441963848	4.0650245533852285	3.9440407389545840	3.8742993674588462	4.0363352957351282	4.0767630450990282	4.0990298143049841	4.2263174489297768	4.1405266777055090
22.625000000000000	4.2007443119679237	4.0323221746563576	3.9488512535354232	3.8254883461907099	3.8578279072731902	3.7507471486737245	3.8373043350543981	3.7788433878106247	3.7900703476365862	3.9141676394723532	3.9593063922488057	4.0042690765892104	3.8866914871011318	3.8387014820798413	4.1456503831016676	4.2449994858908866	4.2991611284521980	4.0473740717573605	3.9119966390030925	3.8518763183234199	3.8291061539648865	3.8161803634215232	3.8090880968375416	3.9711993949964182	4.1251694269712118	4.1128866455064781	4.2724089544744572	3.9575932260069351
22.375000000000000	4.2890987723448006	4.2502217517068459	4.1496828661055503	4.0152374609088497	3.8466745776685940	3.8774599397399356	3.9090033076528385	3.9591019269598888	3.8647048828416501	3.9133449642560549	3.9629105891463752	4.0058582205871858	4.1318487873748921	4.0003476058283098	4.2891593185923682	4.1826989578035665	3.9280820544644826	3.8695642818904190	3.8788434678119046	3.9302697505774233	3.7942905707256500	3.7792156287227385	3.8257937698886479	4.0222441497662516	4.1083515616202106	4.1091999557822732	4.2842722126591326	4.0971675985609863
22.125000000000000	4.3391860895720811	4.3201267870806959	4.1087206280050310	4.0812044922091104	4.0376102113659584	3.9167883291630972	3.8988155278511982	3.8257355507959971	3.7893296761042734	3.8584870476090316	3.9484487037186540	3.9159623384004476	3.9556804128223604	3.8996440348536936	4.0208339243351645	3.8356033752082936	3.8103400952449391	-1.0000000000000000	-1.0000000000000000	3.9395333480140096	3.8635727502831827	3.9398344800003144	3.8662857665271275	3.9614894288317686	4.0780193233106417	4.0554628941117414	4.1384834741217986	4.1534907377740353
21.875000000000000	4.2201756382339397	4.1513564435722401	4.1285886612813556	4.0276691832455640	3.9885528141524134	3.8649551022954114	3.8343614974246520	3.7629246740282127	3.7453864771157725	3.8637577779104646	3.8554134442453147	3.7425931731960986	3.8896521465984222	4.0445934488080297	3.9045692622042623	-1.0000000000000000	-1.0000000000000000	-1.0000000000000000	-1.0000000000000000	3.9987375001910834	4.0999849801613664	4.0101301713789042	4.0291836158658043	4.1016723460158602	4.1766940518640610	4.2142823047528424	4.3255879319133328	4.0275620043829292
21.625000000000000	4.2528259333750071	4.3780652091652854	4.0518104156348471	-1.0000000000000000	3.9627389205838597	3.9272051520175495	3.8732413033839492	3.9621437864271343	3.8788533404915739	-1.0000000000000000	-1.0000000000000000	-1.0000000000000000	-1.0000000000000000	-1.0000000000000000	-1.0000000000000000	-1.0000000000000000	-1.0000000000000000	-1.0000000000000000	-1.0000000000000000	4.1316082145899884	4.0483703131817350	4.0868670352757874	4.1142165401832642	4.1135126803024633	4.2035535571724125	4.1993065963130363	4.3227854569990427	4.1228280764619427
21.375000000000000	-1.0000000000000000	-1.0000000000000000	-1.0000000000000000	-1.0000000000000000	-1.0000000000000000	-1.0000000000000000	-1.0000000000000000	-1.0000000000000000	-1.0000000000000000	-1.0000000000000000	-1.0000000000000000	-1.0000000000000000	-1.0000000000000000	-1.0000000000000000	-1.0000000000000000	-1.0000000000000000	-1.0000000000000000	-1.0000000000000000	-1.0000000000000000	-1.0000000000000000	4.1472144635041701	4.1182955748162726	4.1124409793738295	4.2616885141450922	4.2539802292525195	4.1900715005347422	4.1876607640277683	4.2021347995270020
21.125000000000000	-1.0000000000000000	-1.0000000000000000	-1.0000000000000000	-1.0000000000000000	-1.0000000000000000	-1.0000000000000000	-1.0000000000000000	-1.0000000000000000	-1.0000000000000000	-1.0000000000000000	-1.0000000000000000	-1.0000000000000000	-1.0000000000000000	-1.0000000000000000	-1.0000000000000000	-1.0000000000000000	-1.0000000000000000	-1.0000000000000000	-1.0000000000000000	-1.0000000000000000	4.2976327511682086	4.2357016850106390	4.2904730553001968	4.4023394836767977	4.4160634232685965	4.3741380036452995	4.4435945272870185	4.3774273776865869
20.875000000000000	-1.0000000000000000	-1.0000000000000000	-1.0000000000000000	-1.0000000000000000	-1.0000000000000000	-1.0000000000000000	-1.0000000000000000	-1.0000000000000000	-1.0000000000000000	-1.0000000000000000	-1.0000000000000000	-1.0000000000000000	-1.0000000000000000	-1.0000000000000000	-1.0000000000000000	-1.0000000000000000	-1.0000000000000000	-1.0000000000000000	-1.0000000000000000	-1.0000000000000000	-1.0000000000000000	4.2884221786896859	4.3888825526336888	4.4379962695024489	4.3535748783320969	4.5232906438646125	4.5533845053079460	4.3086245869378956
20.625000000000000	-1.0000000000000000	-1.0000000000000000	-1.0000000000000000	-1.0000000000000000	-1.0000000000000000	-1.0000000000000000	-1.0000000000000000	-1.0000000000000000	-1.0000000000000000	-1.0000000000000000	-1.0000000000000000	-1.0000000000000000	-1.0000000000000000	-1.0000000000000000	-1.0000000000000000	-1.0000000000000000	-1.0000000000000000	-1.0000000000000000	-1.0000000000000000	-1.0000000000000000	-1.0000000000000000	4.2195851639188504	4.3292207628525574	4.4645319987141789	4.3409245088876389	4.5129604049682825	4.3777424151078321	4.5194408941142399
20.375000000000000	-1.0000000000000000	-1.0000000000000000	-1.0000000000000000	-1.0000000000000000	-1.0000000000000000	-1.0000000000000000	-1.0000000000000000	-1.0000000000000000	-1.0000000000000000	-1.0000000000000000	-1.0000000000000000	-1.0000000000000000	-1.0000000000000000	-1.0000000000000000	-1.0000000000000000	-1.0000000000000000	-1.0000000000000000	-1.0000000000000000	-1.0000000000000000	-1.0000000000000000	-1.0000000000000000	-1.0000000000000000	4.3412433838068267	4.4332601093838520	4.4305254050098881	4.3123723228912070	4.3485878092379409	4.5175623665154916
20.125000000000000	-1.0000000000000000	-1.0000000000000000	-1.0000000000000000	-1.0000000000000000	-1.0000000000000000	-1.0000000000000000	-1.0000000000000000	-1.0000000000000000	-1.0000000000000000	-1.0000000000000000	-1.0000000000000000	-1.0000000000000000	-1.0000000000000000	-1.0000000000000000	-1.0000000000000000	-1.0000000000000000	-1.0000000000000000	-1.0000000000000000	-1.0000000000000000	-1.0000000000000000	-1.0000000000000000	-1.0000000000000000	-1.0000000000000000	4.3388322609494594	4.3257933619337336	4.2441564134948209	4.5445727203026962	4.7539567317662375
cpt:C=3, cpt:clim_prob=0.33333333333299997
	87.125000000000000	87.375000000000000	87.625000000000000	87.875000000000000	88.125000000000000	88.375000000000000	88.625000000000000	88.875000000000000	89.125000000000000	89.375000000000000	89.625000000000000	89.875000000000000	90.125000000000000	90.375000000000000	90.625000000000000	90.875000000000000	91.125000000000000	91.375000000000000	91.625000000000000	91.875000000000000	92.125000000000000	92.375000000000000	92.625000000000000	92.875000000000000	93.125000000000000	93.375000000000000	93.625000000000000	93.875000000000000
27.875000000000000	67.003860244167740	71.607306440219389	71.678729165518476	70.955482001373269	64.896435350654031	62.396282480834778	66.147764677905670	69.362763145452917	65.238340489546957	65.613343455995206	72.220665734546714	71.623912484899918	73.000183799093151	75.727892183089665	74.373517603995865	77.548047596346251	72.947027423591535	77.413517427364994	71.974729863107939	74.211949092587417	65.092460862888601	62.573351581804836	64.272882743112632	71.038284010448322	74.538923082793843	72.731664496196814	70.105442749132592	69.658567385214226
27.625000000000000	70.956740563278174	71.093165885491743	71.172369878031617	70.583051663388559	65.175400803058523	69.753009540397272	67.090454272668083	71.371142964405493	68.343114302913932	72.928454426171839	74.833318215646315	74.460734438458559	73.209646043606625	74.506808259224627	76.767110569253802	78.040189644213314	74.359686986223167	72.384024056250027	74.431318949413722	73.931235693681259	76.604041315081190	71.715910978250918	73.622207183428273	75.299734328987483	70.672974834372482	70.245107384738731	70.782961860989957	69.713474822095648
27.375000000000000	72.255260921570923	71.222280405629121	72.585244643323080	71.906975000842039	70.601534040419551	68.698159014371939	69.573617131506808	72.012574906770908	74.532149716454015	75.617544774060619	74.960255105014511	75.515731289000385	75.769029830229911	76.968991238209369	76.670081922878978	77.342732646351649	74.508166296923960	75.012859356856239	77.650167963304753	75.781440022659780	71.188988614129016	74.389215253956650	75.651302842121012	76.156571330880070	70.914751746235055	69.733918948762081	71.577779068317398	69.773198422216495
27.125000000000000	71.233688150416043	72.047629392128783	71.880765660212717	68.824228265747195	71.207904305372807	72.897762025777752	72.907346746984885	71.505478899959726	75.798434696973146	74.403299404824793	74.599727614734832	76.973797029213500	76.906222006031086	75.714502110090919	75.910805149684748	75.104008087012275	77.598786922941855	75.947878362569483	76.543076938637228	77.321773762415205	75.837659975168634	78.526822584356808	78.362654842509784	75.838988429340063	74.748451178341256	74.188844555057358	73.269136640573592	71.287111724974665
26.875000000000000	68.950329657947577	71.161720990996258	72.389268435525793	72.465879763366189	72.726207995357896	75.532461306299766	74.029906462573152	74.115193237757282	76.108127215233964	74.420841355702791	70.539725808608637	73.935192779995432	75.657123900312101	76.639206234606277	76.886676731925178	78.848546256885641	78.260119061193009	78.428495123609807	77.959710485738441	77.323999394223719	77.561905292329484	78.062988557143569	77.527030502356126	78.314000681178427	76.947523615633486	76.083357639109920	75.780412884313748	73.618377899103066
26.625000000000000	65.882943780127349	72.159056470907018	72.511798278995812	71.804517067966160	69.187478213847228	69.894958001715295	75.313231528070972	74.481342674900503	76.731295093871182	77.515943830944892	72.990545418925208	75.202455046092169	78.281955317328766	79.425501882043918	78.642741027479119	78.437281351461891	77.956904440287644	77.662995627916871	78.002805628272739	78.099618340203008	78.216189668691200	78.812845613498823	78.906609712603768	78.962413202900521	76.929720463765875	73.584680059250431	72.935380332682371	76.323427470495304
26.375000000000000	72.208424625562174	73.909766823877305	74.747003581804819	74.036894188172852	73.083999642254668	73.482970867951067	74.243865703883188	75.390274627233197	76.111892272864495	75.091575244767355	74.522637822023256	78.693036076413478	81.137787539709834	80.783779480116408	79.279958293216836	79.537710333689787	78.921007970366176	78.893770926915622	77.158230281826661	78.499556835014175	78.116642412981392	79.503721536740784	79.785885262645095	79.790997696149304	80.192147991130753	75.685943377843927	75.112082321733439	76.665173220812463
26.125000000000000	74.378640166280903	74.771739568206385	76.445649109390530	75.571710342595807	75.408862292773321	76.064307062482172	77.086623417206340	78.551028604649474	77.020123809193635	77.731037332589864	79.007543102550741	80.339694070978780	81.163033715261918	81.232102715235698	81.332862062933813	80.887915445057487	80.125034253446685	79.105284133944906	77.241373473978797	77.640140652025096	77.098824498238614	79.681023732201254	79.209141451749190	78.407847250637076	77.958225510200108	76.313805800264802	79.360818444515758	79.270378424328456
25.875000000000000	77.264712698591651	77.182251588842504	75.269065098980661	74.828625018886754	77.326699558726546	77.734903124042731	77.025176446809397	78.149996997889886	77.594824762445953	78.603909773766915	78.502087637388840	80.684158362587155	81.207446954455904	81.702476731603142	81.250502475956935	81.673607781129192	80.752380122412021	78.806507373790495	79.710063433876115	78.771344059098908	78.720728088866423	78.917073391884131	77.178904736810068	79.360304215668023	80.381964163013748	81.312834225942879	80.546207472197651	80.582519292000470
25.625000000000000	75.876910152144447	76.320105177250454	76.338842734881084	75.847984126845532	76.696939721367897	77.419155502763019	76.627305027851548	77.417553959496360	78.211988298795603	79.315828879911251	79.922737661093777	81.334385161316661	81.652436863283341	81.010250100418162	80.102393809404177	81.011749944000741	79.724937306745105	80.502668616344081	80.624447185995834	80.930465426040215	80.688804277181760	79.572333643999585	78.270633619878808	79.667647457521113	79.896663875367068	79.820196339363648	80.055678164574061	79.591853083610715
25.375000000000000	75.615133452316144	75.089113203653937	77.048426804957387	76.336805068269427	77.728034003845806	77.449305172972856	77.236459772555889	77.735656754513030	79.791156165440057	80.765745129211226	81.246438395210120	81.043033923689009	81.399818756320272	80.647437183860433	79.005561072910439	80.557315565247251	82.989761640845941	79.994394585087477	81.183406617172352	82.550079389276803	81.744356776069381	81.241731921012743	81.006546137109666	80.949411844517840	79.375665599408848	78.871403451572334	78.990558804636919	79.371817657736912
25.125000000000000	75.598008243797523	75.612877841444686	75.370166847237570	75.532018523906316	76.939566035234847	77.147058009471436	78.146615472699438	79.170206776461541	80.840477823070543	81.545218044667806	82.219138934615373	81.749159832224279	81.785703196227843	81.744183957011145	82.291835711663140	81.840392983488925	81.974931654714638	81.192932463697161	81.591925534883629	81.229101101696230	81.273440959439043	80.909925887836607	81.360301634264317	80.871654543535826	79.858076540816384	77.747407209813247	78.158072455586122	79.093245521646381
24.875000000000000	75.613813395117063	75.792427444555415	75.258368169261033	76.381174097913870	78.673586466433164	79.130621020894978	80.950958494192264	81.197491679544072	82.457009954512742	82.576083253285120	82.401289103256275	81.788312807506827	81.371861427341045	82.472258099513525	82.344772831806438	82.836530398450662	82.775118970898447	81.853156261018441	82.424460859148965	81.647646640109272	80.932315575078036	80.152534503353564	80.164810014011735	80.204670437631464	78.585916235410735	78.345033235217642	78.064747257891398	78.719738393450953
24.625000000000000	77.080009448496753	77.394912742841427	76.408923268406994	77.576279811070918	79.096413989922681	79.804442222201061	81.040893405942555	80.783456294624244	81.626689813905699	81.331153339011465	81.050018020738420	82.527110463094431	82.648913338777206	81.893542029791348	82.582464093557491	81.906876200151984	82.814409615711838	82.697510503289990	82.161730373581605	81.769205249615055	80.434364066925568	79.910246347483877	79.971248289983293	80.524002464023795	79.408774358229437	79.273964792000939	78.278120884643613	79.259914471852582
24.375000000000000	77.256025710538765	78.906071800696949	77.569473715976088	77.528601298824555	80.406068821343837	80.709944255921201	80.350417177931703	80.833644321483689	81.542899469580192	81.113012940923340	81.279548837625427	82.672811225951847	82.646563683418691	82.977083771460059	82.347230715789522	82.515565185027043	82.981625395452326	81.935185774577562	81.184760262174919	81.646303063140138	81.416692888527237	80.510583760450629	80.253588866573722	79.873383467721254	78.445907957173517	78.565563764914188	77.358485080110498	78.207562827331074
24.125000000000000	76.439613052989472	78.758459299069173	78.901135282394549	79.730342994375050	80.269645427932943	80.547804637351362	80.545111545469183	80.694744799691861	81.752006104483300	81.634745726380459	82.305055312796682	82.306481418009326	82.074778834972236	82.313885049517154	81.272950247541758	81.857776631517879	82.158088906587324	82.183657736557763	82.249423379243709	81.790146669723200	81.845886055128119	80.425994153989663	80.058453575256408	79.033488337700717	77.822481669208116	77.424644262204964	78.758870487793544	78.223897574429230
23.875000000000000	77.379353929613416	79.510609748213099	79.694555859897420	79.862075705573659	80.577004780118173	81.221525181566676	81.369918672402051	81.713828569330062	81.936678313305578	82.067668480533911	82.920796346946616	82.428431268836846	81.980986806648090	81.615666418258968	81.941385289867355	81.627690117352202	81.986639961687217	82.623866002771280	82.269024771750225	81.806466728286594	80.735980251127586	80.329582916393321	79.245646551494772	77.349642558554493	75.823635550038702	76.408326311403087	76.629158215979331	78.374656688133996
23.625000000000000	78.101079813603320	78.678548324422025	79.182270063435794	80.277959553310737	80.212563148976287	80.845714782797401	81.668636410302270	81.477226292016041	82.104232190913947	81.903144111261057	82.031660340886702	82.192169930953924	82.255662867423453	82.684031923592812	81.922039916479122	82.346641601416721	81.953881675541922	82.110884759432395	81.763409607845688	80.371409568955585	79.504316520485190	79.195051547182402	78.638394201001987	78.785748909297197	79.080769912160335	78.062943173232256	77.563463984043480	77.936091944078527
23.375000000000000	79.203401163689421	79.016765437076572	79.806608159249109	80.705853115914366	81.040066750094240	81.316752919930067	82.131740333840696	82.285352301871967	82.614155182172865	82.392713467037183	82.339694285753922	82.653362795362042	81.766109228654628	82.037964844749382	81.265650468763425	80.377847253987113	80.725106855111989	80.513333293649865	79.885268749633170	80.139906589959992	79.578616678901682	78.983539023524344	79.690120824149787	79.535196641743980	79.348468825496184	78.509012619156394	78.930691777490210	80.695348010843077
23.125000000000000	79.270806248623884	78.497739977695176	80.706302642156174	81.187505545588252	81.722285859531013	81.381190036715751	80.883665115793946	82.649872480820491	81.817460575636048	80.836201922705499	81.700084744487185	80.940778435222981	81.813432103650854	81.156668746655242	80.697620972453095	80.710940379018126	80.808448421145272	81.245552695052481	80.026555721869713	80.248736290748610	78.754567188133151	79.749859952508800	80.234433595880446	79.802611856666800	79.452706271779178	79.077157341882028	80.153095218402399	79.007098264246792
22.875000000000000	78.039245056968838	79.070100185744536	80.050919083796501	80.865924661784760	81.109443489584436	82.740714827283824	81.392981573233357	82.440974841309441	81.940216763873167	81.383635017118010	80.340759215395252	80.730116500634594	80.556081422379336	80.956895135528512	80.918543376602742	79.306307278874527	80.286814861398241	80.697551164013475	79.956602048996288	80.108105379742938	80.193518635503452	81.042968811673305	81.438520594563684	80.102798602286811	79.640419187261486	79.444640798177616	78.139006517430957	78.753434781866844
22.625000000000000	78.235338081568273	79.580929263787496	80.417544190959077	81.171302796241761	81.142544075482490	82.062590033187064	81.608703702798906	82.009491352971821	82.199554990707298	81.144741929953341	80.752429270354781	80.549396434292959	81.191603481225627	81.381398879567385	78.922011808683138	78.435063869911176	78.152561399243524	80.165566662802519	80.993595121021940	81.535022894153727	81.462865720873737	81.645618363972687	81.694764496569377	80.243662155701386	78.963736644824024	79.213125612431767	78.134650442982974	79.883648694925427
22.375000000000000	78.005147454816040	79.185461353652471	79.218006424634538	80.075351982961379	81.545099615522076	81.610207700308763	81.176017287736201	80.620391732551809	81.445955981215491	80.843700004135854	80.296639009572772	80.220807189127626	79.250035256995204	79.877481187456482	77.915378050214514	78.631578585250352	80.664756206537589	81.193332532763009	81.032652848444002	80.701502104549590	81.600531668755082	81.830559900960480	81.545383073356390	80.015852157886144	79.381648325569714	79.329343949956026	78.022136507026246	79.123785298430903
22.125000000000000	77.488832743934125	77.695775605952107	79.551971806985890	79.882698088618298	80.387677960036214	80.976889929233181	80.899962595844627	81.332054059239070	81.423263349614274	81.144996023226440	80.408622695458661	80.674766480048902	80.284074292054754	80.432531532273259	79.738176077800176	81.153471704705240	81.306787089729198	-1.0000000000000000	-1.0000000000000000	80.623120750517515	81.236212339228814	80.679799303763858	81.070627884016773	80.296739754398686	79.550063249820639	79.617208898162275	78.928533107612537	78.750940431121791
21.875000000000000	78.422057846717365	79.168793769601535	79.637049022155068	80.356255365745227	80.595124050328053	81.219768712095501	81.085496573869136	81.759435837001647	81.931475755978482	80.992045569777503	80.998050766215798	81.958003686371299	80.796840094359339	79.478291155092933	80.466338890172722	-1.0000000000000000	-1.0000000000000000	-1.0000000000000000	-1.0000000000000000	80.382750249548664	79.619247497367979	80.231344922979190	79.870467443045030	79.183936728585365	78.789854078989308	78.466587900008633	77.402055199029490	79.395248192057380
21.625000000000000	78.590740393235492	77.644488252022555	80.199953935014506	-1.0000000000000000	80.429444940736914	80.443529495540062	80.826729303894197	80.058563071135708	80.817285864366198	-1.0000000000000000	-1.0000000000000000	-1.0000000000000000	-1.0000000000000000	-1.0000000000000000	-1.0000000000000000	-1.0000000000000000	-1.0000000000000000	-1.0000000000000000	-1.0000000000000000	79.449103439459307	79.974412021029451	79.443768822762323	79.491465848326754	79.481125396166817	78.668806650841816	78.484731617208922	77.365974727743108	78.445460854802008
21.375000000000000	-1.0000000000000000	-1.0000000000000000	-1.0000000000000000	-1.0000000000000000	-1.0000000000000000	-1.0000000000000000	-1.0000000000000000	-1.0000000000000000	-1.0000000000000000	-1.0000000000000000	-1.0000000000000000	-1.0000000000000000	-1.0000000000000000	-1.0000000000000000	-1.0000000000000000	-1.0000000000000000	-1.0000000000000000	-1.0000000000000000	-1.0000000000000000	-1.0000000000000000	79.495817997567997	79.266027730499104	79.270059723119530	78.138803858941458	77.822267168244608	78.389606131502461	78.355095452092726	78.087827270043846
21.125000000000000	-1.0000000000000000	-1.0000000000000000	-1.0000000000000000	-1.0000000000000000	-1.0000000000000000	-1.0000000000000000	-1.0000000000000000	-1.0000000000000000	-1.0000000000000000	-1.0000000000000000	-1.0000000000000000	-1.0000000000000000	-1.0000000000000000	-1.0000000000000000	-1.0000000000000000	-1.0000000000000000	-1.0000000000000000	-1.0000000000000000	-1.0000000000000000	-1.0000000000000000	78.216454476851879	78.819393656157530	78.455303439253299	77.287589640805862	77.065247666190473	77.273016326904710	76.606601016121473	77.031816141698187
20.875000000000000	-1.0000000000000000	-1.0000000000000000	-1.0000000000000000	-1.0000000000000000	-1.0000000000000000	-1.0000000000000000	-1.0000000000000000	-1.0000000000000000	-1.0000000000000000	-1.0000000000000000	-1.0000000000000000	-1.0000000000000000	-1.0000000000000000	-1.0000000000000000	-1.0000000000000000	-1.0000000000000000	-1.0000000000000000	-1.0000000000000000	-1.0000000000000000	-1.0000000000000000	-1.0000000000000000	78.700766993011243	77.688077379383131	77.055104347398412	77.509530148491095	76.055353811837705	76.007594676606075	77.760727609806779
20.625000000000000	-1.0000000000000000	-1.0000000000000000	-1.0000000000000000	-1.0000000000000000	-1.0000000000000000	-1.0000000000000000	-1.0000000000000000	-1.0000000000000000	-1.0000000000000000	-1.0000000000000000	-1.0000000000000000	-1.0000000000000000	-1.0000000000000000	-1.0000000000000000	-1.0000000000000000	-1.0000000000000000	-1.0000000000000000	-1.0000000000000000	-1.0000000000000000	-1.0000000000000000	-1.0000000000000000	78.909352786463586	78.067581446622796	77.051499032895364	77.896303527032629	76.367749019381208	77.268831329451004	76.141751668715457
20.375000000000000	-1.0000000000000000	-1.0000000000000000	-1.0000000000000000	-1.0000000000000000	-1.0000000000000000	-1.0000000000000000	-1.0000000000000000	-1.0000000000000000	-1.0000000000000000	-1.0000000000000000	-1.0000000000000000	-1.0000000000000000	-1.0000000000000000	-1.0000000000000000	-1.0000000000000000	-1.0000000000000000	-1.0000000000000000	-1.0000000000000000	-1.0000000000000000	-1.0000000000000000	-1.0000000000000000	-1.0000000000000000	78.117572050585409	76.983041151723185	77.165168531916223	77.806960185631382	77.376472767008522	75.945535424332604
20.125000000000000	-1.0000000000000000	-1.0000000000000000	-1.0000000000000000	-1.0000000000000000	-1.0000000000000000	-1.0000000000000000	-1.0000000000000000	-1.0000000000000000	-1.0000000000000000	-1.0000000000000000	-1.0000000000000000	-1.0000000000000000	-1.0000000000000000	-1.0000000000000000	-1.0000000000000000	-1.0000000000000000	-1.0000000000000000	-1.0000000000000000	-1.0000000000000000	-1.0000000000000000	-1.0000000000000000	-1.0000000000000000	-1.0000000000000000	77.606231643688929	77.724455639158322	78.187467225112343	75.946129680439739	74.485947761872495
