xmlns:cpt=http://iri.columbia.edu/CPT/v10/
cpt:field=prcp, cpt:T=2019-11/2020-01, cpt:nrow=32, cpt:ncol=28, cpt:row=Y, cpt:col=X, cpt:units=mm/day, cpt:missing=-999.00000000000000              
	87.125000000000000	87.375000000000000	87.625000000000000	87.875000000000000	88.125000000000000	88.375000000000000	88.625000000000000	88.875000000000000	89.125000000000000	89.375000000000000	89.625000000000000	89.875000000000000	90.125000000000000	90.375000000000000	90.625000000000000	90.875000000000000	91.125000000000000	91.375000000000000	91.625000000000000	91.875000000000000	92.125000000000000	92.375000000000000	92.625000000000000	92.875000000000000	93.125000000000000	93.375000000000000	93.625000000000000	93.875000000000000
27.875000000000000	30.446301457815345	35.628753497938931	38.829009925207529	35.756683168468577	30.333046208862207	26.363057787350996	16.480523729676325	9.2774639498004223	7.0557183855565615	8.4753550692921191	12.969428494054178	9.6336852263189510	6.9390312373232437	7.0826797640710071	1.5722163884413254	5.6001116131042750	9.0364155594288995	9.2686569576025697	7.0679057507851120	17.042052909701191	12.745325705394434	2.5497749380274781	0.33429243307866280	10.942229320694807	34.167157926180934	44.838764253467090	56.517349980371506	61.517703251766534
27.625000000000000	36.736791086880004	37.180193668214848	37.834744053217179	42.999549814143585	30.553770696684186	24.459326924806884	17.754792249656489	9.1839575847494856	6.9924419613852180	14.696583393172473	15.053989867467561	10.954456248130720	5.7558123234076479	4.9754955449005722	4.8524482417627981	8.9853939107274421	11.183189460996742	5.8348589336886807	7.8246576496867579	8.9114353239498048	11.703626811534935	14.030568703587083	13.963232081956562	34.503137477509128	47.929542327760956	35.558753343569997	55.037608283785275	65.569181739891206
27.375000000000000	34.370008144955335	33.536404541513960	34.448926549414054	31.101154914657290	26.724529834098576	22.103130457913295	22.204265101985708	23.350041682887245	14.404573596775883	11.428266979970859	14.442497183942267	14.340168552898152	11.166560366845836	17.495642727892772	12.526689222593848	8.0987904541513949	18.361487962084418	13.834267149878784	17.027032883039205	14.584584408940017	9.8229060605450726	18.974286924438882	31.173544836920822	44.897581079478513	51.055102327392945	48.305061627355265	64.097138712460577	80.243373399469974
27.125000000000000	25.993443547173403	23.866335810528884	26.262570360548338	24.315015586560985	21.135379510231221	17.612282523594864	18.304006671600998	16.877333989179704	16.302216106303753	18.457641326713404	24.434662467694892	23.294777325348203	22.203920704453683	30.989860521214766	22.830247977255414	23.082395348894092	22.101605625776472	23.781859903739043	24.575974478212487	34.203156763404458	28.186104375286035	33.560372250392490	42.108311719158735	49.973500830320631	55.784029449505745	58.867217505643126	70.117736934048381	89.927805928994331
26.875000000000000	18.962816258832682	13.648030975816061	19.259906831489928	16.714605942693325	16.016615725390924	13.740594352345541	15.896621767657203	16.141921726560224	16.415601696218236	21.229620495288778	22.321524597413934	22.483615097896209	24.424310736309167	30.591647613721573	33.444069334761799	32.634854394914527	31.207834870616310	30.774122218905003	36.033457916161943	39.888576162571724	40.451330876243105	47.077218556987653	50.515474116518654	55.903552321463451	64.793642050101084	67.242499554272200	66.994755866428861	80.873341199742470
26.625000000000000	18.098636174062722	15.928071226445949	18.487345763134407	13.979675529557012	10.995204543353957	10.743142504518373	14.754982722740777	14.898100855878614	17.544341290115419	19.243853525336913	22.458178347454744	26.010071998290602	30.222284458215995	31.835881458551345	38.743515559163001	39.172033287670025	36.763557337943197	35.001790209123406	38.289428437418202	43.114545004988749	43.288721122783492	48.508552628361315	48.591398840903523	50.526954451550495	61.784135404058063	68.021848330770240	70.555636637169528	81.332130127297432
26.375000000000000	19.608734563718450	17.508710079576463	18.326420266904883	15.191713609002875	14.428571257523934	15.400109630168666	15.467606743775965	16.418844053217175	17.419487001839066	16.558842258580729	19.888200728907670	29.593583840740273	31.685215770167908	30.038881724352223	31.163961166088477	33.489490891414100	30.084523182535566	29.120109872251557	28.145401277888425	34.347721206817461	40.233267505233627	39.624055686501947	44.777573133669087	49.540390862176110	60.473425369258578	67.927269743072628	73.752939652373158	77.272183393172469
26.125000000000000	19.601642693134789	19.697569321062804	20.570977876168961	18.685080673007697	16.736494604447429	15.443938276751776	15.896713440934953	16.264548059449375	17.421958698025584	16.651977155440278	24.498001602165278	34.022687989482407	31.896030835146128	31.135918418157715	31.563989687540641	33.841023872186256	32.726596118898748	29.072298262684782	27.753822342195949	34.178409659406654	38.727393726690821	30.271473881795757	37.448006014868291	52.223629404728769	63.470499472078245	64.493410294261366	69.307069057101927	73.383549562041694
25.875000000000000	21.521397510059121	22.514167489694632	20.724354005822697	21.258849083395912	18.359198360417739	17.243999411762264	17.053656468365588	17.344802972266663	16.904784387881026	19.102754086176663	23.894666979970857	30.168888214186303	27.191776654916506	27.828350711119178	30.702390428307304	32.533497031413340	31.237601107980499	30.643861818322183	35.494669139295887	42.303114400066519	43.207635278927128	44.476025697215441	48.137300941752578	53.040570624509215	56.468598041660883	60.013515240406143	66.660603765170308	65.836209168901874
25.625000000000000	18.783273651571857	19.931305620256470	21.337315111595203	20.958571452989847	18.704798823524527	17.805964513747970	16.912877309809211	19.835906505373071	18.487923383521480	19.557442890440701	23.418943742639314	28.889698544024654	29.696988679133096	30.134052254808484	30.374051484803836	30.321625014924745	31.558698168631821	34.238878867197514	41.967026986962857	52.739930246908386	50.227129250359837	48.495048522556168	57.246281816767187	55.648257350823187	49.933629742704618	55.673563464243443	58.897821642526253	56.752672967441157
25.375000000000000	17.654566815582932	17.145580350570842	19.196067544490607	19.553306227713200	19.322462608364827	19.063158514418667	19.489549741968617	20.115526981442859	20.891806827809926	20.268419762701107	23.158819524298213	28.047160454559798	30.054099089325408	27.859172852329216	30.299875054591226	31.373201066883521	31.889372740897265	35.373943412023465	42.936347787309501	50.929000953611570	50.783667067684817	53.465344172009125	60.296264421535014	63.337214237518602	61.021571295961920	60.216043886989254	58.896984719517882	57.023091352680886
25.125000000000000	18.549296328063654	19.333504937965778	20.676054099875657	19.037975124926195	20.488205918975339	20.106303083698609	21.241439132630390	22.250212252600488	21.671758965666466	21.587310105134453	25.112367515252622	27.653177786614997	28.458110894358100	27.347478742066567	28.041967419359661	29.609638235654792	32.694448190100310	36.566844164649126	42.512381424814357	43.962315138993191	48.822502651669808	52.929963812238285	63.168910860621118	71.230261852059158	72.893296021165781	63.170989321347804	64.983563483462433	53.005464356720040
24.875000000000000	17.610850144965383	19.884337086577311	21.128186854103920	20.155474325683556	22.906054906478296	23.663721724720226	23.296660449039798	24.016162541709857	23.067470876611107	23.333503069999619	28.489883574939391	28.630588507385173	27.870553527176913	26.640765598010482	28.625095575437992	29.969375857513867	37.532741139426491	38.444613727794831	39.152684168697128	50.697802429826908	49.212977184678266	55.771279791571089	63.486451324914903	69.001760255413885	74.037009402805765	65.651770829175121	52.103641000596546	45.105566280301176
24.625000000000000	18.175412645372312	20.177433967301717	20.493480450143796	21.705378853498516	22.787511199415963	24.406006098902257	27.085908635460115	26.118399482097232	24.532589294768819	27.023098375956735	32.556576553503554	32.162126126333007	27.531718150516831	24.070907347552694	24.445559680875142	32.140341768761203	34.323158684326593	33.875019021934442	34.567515348158096	41.635253623069872	47.685197746622016	59.644972938203182	66.119999327728308	71.571887557453607	75.951040775892665	63.276301475194337	57.721871927955640	45.555400953611567
24.375000000000000	20.051783365774487	19.552967218373752	22.206178402250721	24.562061443748352	26.840167810291486	27.968215783866896	36.437313120338089	32.398649059677922	28.503001221252450	32.461139987690011	35.413450308328365	34.623021432289221	28.879660308369864	27.973630360180337	33.985187310871709	36.754225750171408	36.182574618882420	36.075182095246063	40.475087472600642	41.678212852697214	49.725457255749234	59.840962901563692	65.792054871720310	66.138767663282550	67.691132615398331	60.914829674209649	71.129010782926144	64.204457537089112
24.125000000000000	23.823623028166637	27.686240340183847	28.159901586626283	29.122141993465103	30.277999135942387	29.564570036271483	34.944312321095452	32.374058852394519	31.708819850415068	34.788196132597740	37.720648883576793	35.757010208387406	29.914278478105686	35.637824423007011	37.883296846987420	36.818438585489638	37.928971470368843	43.029847802848494	48.146108635460109	50.695204793615844	54.298822136711038	61.851401688039246	64.296691956457622	71.262380481221783	79.276489077424912	78.779105975611316	80.352935245190139	74.384427851020476
23.875000000000000	32.231000351674837	33.418718781691545	35.298775292994122	34.654675404426065	32.511907320154705	31.773084168697125	31.789992462501392	34.577474804329334	41.250630017029678	38.943663889933248	37.713762833068728	34.710170895830096	29.989706423179111	34.587691543647814	39.413504016453196	37.112200801082643	40.082757950919927	46.870770838375130	55.168069966138525	51.410659219608355	62.928723648503357	63.653301185675474	68.139731680186742	76.605757765473015	85.154664798767840	94.166796207633723	90.551119803798088	86.389354170210623
23.625000000000000	34.701063368350482	32.986634002878695	40.204512782362251	38.486951086512008	33.035255670962947	32.426375404426068	35.645618164215826	39.454758924569482	39.156118965298468	38.329055857430873	35.243621512896318	34.298398220768810	39.791151246400936	34.964460913986592	37.014953507138927	33.166459880021051	42.828705165530678	47.793449921076537	49.777696988476357	54.732465148602685	60.117787849833476	62.641512523921371	68.724423930662240	78.440035978596811	100.23228279409675	106.11833385402977	101.13761300808716	92.525140635222726
23.375000000000000	33.173384137619138	25.704288522924166	35.411600101412958	39.158284010648195	39.234808062761374	37.645758983045461	41.182987475259637	43.298989118521902	42.274624362691036	42.767017094673307	37.694318052783878	36.148378433328709	37.526420761089653	42.827681874222151	37.669932179689525	37.087355675663950	36.109422570781852	43.592126486439085	53.181402931169679	53.420532620918323	56.014120299822871	60.660671507785821	71.477188272662275	86.985677004751338	95.307153669686841	103.24850061665671	101.04256600816132	84.623930596743236
23.125000000000000	37.870644086135165	35.362882515415869	39.537391572885795	41.261673891814752	41.257137788087000	39.256112965969166	38.681160573351747	39.314894340486546	46.638794133161646	41.596918497692677	40.672371611038777	36.133678522882661	38.099625748331412	45.112801698058234	54.042542100398059	50.286866677774000	39.205556947011374	45.958983490086432	55.529026145804238	54.314507617033570	54.488869981475510	59.504554777667352	73.608032029000583	79.661044948352767	87.115739931873037	98.029799245534335	100.85481692844537	83.063064509248974
22.875000000000000	40.331223135099592	37.390624274977078	38.579975615430975	40.842932503966374	41.133232109354552	39.489003665597352	35.912123484934433	36.991671442151855	38.338436666407503	34.361446020756290	33.855839247742338	37.292947863983464	38.756780359770843	43.843713782590797	56.517471790965693	56.295461075715515	55.580474564086444	47.406509748960616	48.364490219142397	53.418086101478252	63.853826423464113	62.421113051024129	67.332174352262541	87.048731043694033	93.559644501805963	90.475847879522448	92.463693908457728	62.619265592490486
22.625000000000000	38.628755893826849	35.740957296846211	38.689272674242297	43.445175365169085	45.316722831881734	40.899743339029499	38.057477533694112	35.450651785362702	34.872071233805947	35.906813499410923	35.906242161533029	37.087613839226776	35.571908851985022	43.223514083149666	47.301164353040043	59.650768800501041	50.569547179852769	48.732792315492453	50.422736973305355	59.158910654115203	69.178204063889169	64.245836287334669	64.168221618808275	80.644033161922081	90.352074315866560	80.369349980371510	85.591328971880969	62.967959897400043
22.375000000000000	33.875576008202799	31.785352684997292	39.860154216827603	42.979968619553112	42.585657283147221	44.850923173537581	44.879044443330002	43.646867833190477	43.254851705827733	45.387042667576800	39.894170765179155	38.924406919203889	35.743592565754348	41.701805735368424	52.632075670226946	59.332065328529602	60.859431636228763	47.709207808819478	46.507160984321558	49.552772518033365	54.640087475259634	59.292067001029849	57.855851072813017	65.540239990349008	86.474598014262895	91.524554503687483	95.834051434708854	64.352669341302800
22.125000000000000	39.659798934956484	39.420376107775752	42.555620114375948	47.338421335628396	42.937731941286629	47.113965894889347	54.701658475161693	52.138387796877495	51.062100171747922	53.627023621924373	49.591665548734504	41.951745200454660	40.493145686460444	46.617607126528796	57.852983663674358	60.728976356399642	57.208743757359308	-999.00000000000000	-999.00000000000000	45.284905260402631	54.266747977255406	58.210740283547878	62.305111887226658	71.681808500512190	84.206027189788770	92.254706923702884	98.770667493576624	57.851945201475658
21.875000000000000	41.827736385067624	45.454582566531847	49.551064220549101	53.601704906887790	48.226266858519914	47.722303202490565	57.193130094379455	52.698482427701911	54.331757214652249	50.141875251897140	49.305117184227271	44.257095205565157	69.439274557747453	67.503765803495384	48.534321309251418	-999.00000000000000	-999.00000000000000	-999.00000000000000	-999.00000000000000	62.778241891435158	61.104847506171630	62.884834730967370	69.597201467217346	70.192794888850301	75.363237791767006	95.052908361480235	102.94530007605698	64.121847096839815
21.625000000000000	43.641902266257986	41.024690189904412	55.288793080998119	-999.00000000000000	47.075759565763200	49.153540254309881	50.304131596971786	50.004164937597778	48.012127864719460	-999.00000000000000	-999.00000000000000	-999.00000000000000	-999.00000000000000	-999.00000000000000	-999.00000000000000	-999.00000000000000	-999.00000000000000	-999.00000000000000	-999.00000000000000	59.930372936363177	75.552978071836876	66.581010670675212	68.643745452758552	61.905146581596043	66.795627059137828	84.308323227312556	115.98761320457405	85.472783640977369
21.375000000000000	-999.00000000000000	-999.00000000000000	-999.00000000000000	-999.00000000000000	-999.00000000000000	-999.00000000000000	-999.00000000000000	-999.00000000000000	-999.00000000000000	-999.00000000000000	-999.00000000000000	-999.00000000000000	-999.00000000000000	-999.00000000000000	-999.00000000000000	-999.00000000000000	-999.00000000000000	-999.00000000000000	-999.00000000000000	-999.00000000000000	70.733709810297597	60.601934285239579	57.384676211028705	61.225171383675885	60.262945921183338	78.468139108912396	99.292335249689131	100.08945802391389
21.125000000000000	-999.00000000000000	-999.00000000000000	-999.00000000000000	-999.00000000000000	-999.00000000000000	-999.00000000000000	-999.00000000000000	-999.00000000000000	-999.00000000000000	-999.00000000000000	-999.00000000000000	-999.00000000000000	-999.00000000000000	-999.00000000000000	-999.00000000000000	-999.00000000000000	-999.00000000000000	-999.00000000000000	-999.00000000000000	-999.00000000000000	54.274469597903689	52.477207983428414	56.997739375734291	59.578281328304406	58.616918433696711	61.116423757074308	79.191840676319686	101.51974896112597
20.875000000000000	-999.00000000000000	-999.00000000000000	-999.00000000000000	-999.00000000000000	-999.00000000000000	-999.00000000000000	-999.00000000000000	-999.00000000000000	-999.00000000000000	-999.00000000000000	-999.00000000000000	-999.00000000000000	-999.00000000000000	-999.00000000000000	-999.00000000000000	-999.00000000000000	-999.00000000000000	-999.00000000000000	-999.00000000000000	-999.00000000000000	-999.00000000000000	58.766563482845442	78.204565583077496	75.173965364712600	61.235376780249460	53.134013854765769	68.580761543321302	80.170637564404103
20.625000000000000	-999.00000000000000	-999.00000000000000	-999.00000000000000	-999.00000000000000	-999.00000000000000	-999.00000000000000	-999.00000000000000	-999.00000000000000	-999.00000000000000	-999.00000000000000	-999.00000000000000	-999.00000000000000	-999.00000000000000	-999.00000000000000	-999.00000000000000	-999.00000000000000	-999.00000000000000	-999.00000000000000	-999.00000000000000	-999.00000000000000	-999.00000000000000	74.711934363753542	95.093572398826439	88.555318725055571	75.588429028101956	71.309074440997520	91.452278270163788	100.93153597981981
20.375000000000000	-999.00000000000000	-999.00000000000000	-999.00000000000000	-999.00000000000000	-999.00000000000000	-999.00000000000000	-999.00000000000000	-999.00000000000000	-999.00000000000000	-999.00000000000000	-999.00000000000000	-999.00000000000000	-999.00000000000000	-999.00000000000000	-999.00000000000000	-999.00000000000000	-999.00000000000000	-999.00000000000000	-999.00000000000000	-999.00000000000000	-999.00000000000000	-999.00000000000000	85.993896829810438	89.956482966046678	68.907075964648826	90.912280463023791	92.795026958745865	101.67618663920604
20.125000000000000	-999.00000000000000	-999.00000000000000	-999.00000000000000	-999.00000000000000	-999.00000000000000	-999.00000000000000	-999.00000000000000	-999.00000000000000	-999.00000000000000	-999.00000000000000	-999.00000000000000	-999.00000000000000	-999.00000000000000	-999.00000000000000	-999.00000000000000	-999.00000000000000	-999.00000000000000	-999.00000000000000	-999.00000000000000	-999.00000000000000	-999.00000000000000	-999.00000000000000	-999.00000000000000	94.100064149799152	96.276654555409465	88.826971800984694	98.871328830392031	100.02555552681501
