xmlns:cpt=http://iri.columbia.edu/CPT/v10/
cpt:field=prcp, cpt:T=2019-06/09, cpt:nrow=32, cpt:ncol=28, cpt:row=Y, cpt:col=X, cpt:units=mm/day, cpt:missing=-999.00000000000000              
	87.1	87.4	87.6	87.9	88.1	88.4	88.6	88.9	89.1	89.4	89.6	89.9	90.1	90.4	90.6	90.9	91.1	91.4	91.6	91.9	92.1	92.4	92.6	92.9	93.1	93.4	93.6	93.9
27.9	1076.9	933.7	928.2	972.3	1038.6	825.4	686.7	527.6	379.7	415.3	347.0	301.5	228.4	142.8	110.0	138.0	205.8	201.1	135.9	104.7	144.3	217.3	295.4	430.6	633.7	862.1	1027.6	1113.7
27.6	1413.5	1334.6	1194.0	1155.8	1139.4	938.4	704.9	437.9	383.5	448.5	427.3	439.5	309.7	212.3	184.0	228.6	278.4	266.8	278.5	233.5	232.7	316.5	414.6	622.7	788.0	738.1	963.7	1145.8
27.4	1269.1	1291.6	1373.6	1247.3	1156.7	1126.8	915.3	621.4	630.7	588.1	554.0	501.6	441.6	350.2	336.1	282.8	358.1	363.1	392.1	282.4	280.8	380.0	586.4	828.6	893.8	858.4	1112.1	1492.6
27.1	901.6	944.6	1105.1	1304.5	1424.5	1569.6	1509.8	1317.4	1182.2	987.4	892.1	853.1	875.5	798.8	764.7	706.1	712.4	681.3	535.3	488.4	538.8	682.1	989.0	1163.7	1145.5	1174.2	1328.6	1690.4
26.9	1256.2	1060.6	1363.3	1392.7	1722.0	1933.7	1983.8	1958.8	1949.5	1834.6	1629.4	1675.8	1633.4	1654.5	1534.2	1406.2	1345.7	1227.9	1143.5	1074.1	1114.7	1279.2	1351.7	1394.4	1421.4	1371.6	1381.4	1472.6
26.6	1400.7	1466.4	1700.2	1674.3	1770.5	2070.4	2246.7	2259.3	2242.9	2272.6	2250.0	2346.2	2243.5	2193.4	1944.2	1788.0	1580.9	1483.9	1318.9	1166.4	1201.1	1275.5	1214.2	1249.5	1283.9	1254.1	1309.4	1419.5
26.4	1311.6	1411.3	1499.1	1694.5	1764.5	1961.1	2190.3	2189.1	2229.8	2381.9	2358.1	2278.3	2225.5	2103.2	1866.5	1644.0	1410.6	1216.3	1170.6	1193.2	1181.5	1181.9	1192.8	1223.6	1233.1	1246.0	1325.7	1528.3
26.1	1262.4	1301.3	1480.2	1586.3	1679.3	1789.7	1843.4	1944.5	2105.9	2247.1	2229.9	2131.9	2134.6	2035.6	1886.1	1737.9	1477.3	1268.1	1115.3	1287.6	1340.9	1293.5	1291.7	1277.9	1237.1	1224.6	1326.8	1556.2
25.9	1159.7	1228.6	1309.0	1395.0	1455.8	1503.8	1542.9	1641.8	1805.8	1899.0	1984.2	1913.2	1978.7	2025.3	1972.7	1914.9	1829.7	1732.8	1690.4	1637.5	1539.4	1475.1	1432.3	1270.0	1026.8	1124.4	1377.1	1518.4
25.6	1096.3	1182.1	1254.1	1281.1	1316.8	1345.2	1279.0	1425.5	1505.6	1611.3	1728.5	1933.7	2255.7	2255.8	2141.1	2251.4	2314.2	2309.7	2173.4	1714.1	1728.5	1633.9	1498.2	1291.6	1009.2	1101.9	1218.4	1250.5
25.4	1019.5	1104.4	1151.4	1176.8	1208.3	1202.9	1248.9	1313.8	1402.9	1390.1	1522.7	1753.1	2166.3	2294.0	2278.6	2406.5	2700.0	2817.9	2800.2	2299.4	2162.8	1952.3	1721.2	1447.7	1279.9	1112.5	1014.4	954.3
25.1	925.0	1075.4	1123.7	1178.3	1097.2	1131.5	1184.1	1262.7	1285.4	1339.1	1423.7	1590.4	1780.5	2001.6	2172.3	2486.3	2840.1	3093.9	3270.2	3133.8	2628.4	2238.4	1901.7	1577.5	1320.4	1144.8	923.6	819.0
24.9	1050.2	1119.6	1188.6	1151.8	1056.2	1085.6	1106.6	1168.9	1221.3	1287.9	1375.5	1478.5	1561.5	1763.6	1958.8	2145.3	2343.9	2608.9	2951.4	3083.1	2582.4	2178.4	1954.3	1897.8	1609.3	1207.2	942.4	803.7
24.6	1162.5	1171.4	1150.4	1142.9	1136.2	1133.3	1114.8	1134.6	1176.4	1215.6	1281.5	1388.4	1490.6	1625.6	1714.4	1795.9	1904.2	2063.0	2242.4	2343.6	2128.2	2005.3	1925.4	1826.5	1540.2	1238.7	955.0	840.8
24.4	1099.5	1148.0	1105.8	1113.1	1115.2	1110.6	1073.9	1133.7	1169.4	1148.8	1172.9	1267.0	1360.3	1430.8	1448.6	1524.6	1656.0	1716.4	1653.3	1728.8	1825.6	1990.0	2021.2	1845.1	1475.7	1221.9	997.7	948.3
24.1	1063.9	1077.4	1088.0	1092.7	1039.8	1060.7	1109.4	1141.2	1125.9	1130.8	1141.0	1185.5	1240.8	1267.3	1320.8	1312.6	1418.9	1611.6	1728.9	1808.4	1897.5	2078.7	2062.5	1786.6	1419.6	1166.9	1050.9	1097.1
23.9	1067.8	1081.4	1081.3	1044.7	1031.5	1059.6	1107.4	1150.7	1144.3	1142.8	1160.5	1187.0	1235.3	1307.6	1316.4	1300.4	1361.8	1608.6	1812.3	1938.1	2081.6	2028.8	1799.3	1539.0	1279.4	1100.4	1119.1	1194.1
23.6	1106.6	1125.4	1042.1	1032.2	1048.1	1080.0	1149.8	1176.9	1176.0	1206.5	1229.4	1208.1	1228.3	1341.4	1407.9	1399.5	1467.8	1678.2	1850.4	1942.4	2047.3	1873.6	1578.2	1367.0	1151.0	1046.0	1142.5	1236.1
23.4	1094.8	1136.0	1053.3	1018.2	1071.5	1081.5	1128.9	1177.4	1170.8	1216.4	1219.4	1204.9	1217.0	1321.2	1403.7	1413.4	1438.7	1731.5	1882.2	1988.4	2039.1	1920.6	1714.9	1506.8	1181.2	1087.9	1168.0	1268.5
23.1	1092.4	1114.1	1053.8	1089.8	1184.3	1161.4	1200.7	1231.1	1193.5	1210.9	1231.7	1204.9	1283.2	1412.4	1490.9	1647.9	1761.0	1840.6	1997.7	2074.1	2044.8	2014.3	1946.6	1655.1	1349.8	1190.1	1202.6	1278.2
22.9	1172.8	1148.4	1145.2	1220.6	1234.9	1283.4	1229.9	1200.6	1220.0	1214.5	1255.3	1282.7	1306.9	1468.7	1630.7	2028.2	2172.5	2134.5	2134.4	2048.5	2037.8	2032.2	1952.9	1704.7	1368.8	1221.4	1171.9	1342.0
22.6	1173.5	1197.1	1242.2	1289.7	1332.0	1376.1	1286.4	1279.0	1309.7	1326.1	1328.4	1358.7	1408.3	1581.1	1794.2	2061.1	2385.3	2275.4	2237.9	2196.2	2122.3	2044.4	1973.3	1697.9	1304.8	1406.2	1621.2	1460.4
22.4	1225.2	1194.2	1237.7	1279.5	1351.8	1371.8	1362.4	1362.5	1374.3	1382.0	1392.9	1457.6	1610.6	1821.9	2051.7	2209.2	2291.1	2288.7	2308.0	2149.9	2127.7	2082.1	2000.0	1679.0	1281.8	1406.6	1579.0	1377.4
22.1	1266.5	1214.7	1273.9	1291.7	1305.4	1372.3	1418.0	1436.6	1442.5	1454.5	1474.0	1471.2	1678.8	2031.9	2216.7	2269.0	2298.8	-999.0	-999.0	2177.5	2140.0	2096.4	1986.2	1715.6	1391.8	1432.7	1583.7	1362.6
21.9	1266.7	1261.1	1341.3	1351.9	1344.4	1392.4	1434.7	1407.4	1482.9	1467.8	1445.8	1464.7	2535.3	2435.0	2231.3	-999.0	-999.0	-999.0	-999.0	2279.4	2259.7	2235.8	2162.8	1984.1	1736.3	1696.8	1678.1	1453.6
21.6	1235.5	1251.8	1338.6	-999.0	1357.6	1351.4	1365.3	1384.2	1402.7	-999.0	-999.0	-999.0	-999.0	-999.0	-999.0	-999.0	-999.0	-999.0	-999.0	2559.4	2528.9	2452.5	2444.3	2200.3	1849.0	1738.8	1740.7	1595.0
21.4	-999.0	-999.0	-999.0	-999.0	-999.0	-999.0	-999.0	-999.0	-999.0	-999.0	-999.0	-999.0	-999.0	-999.0	-999.0	-999.0	-999.0	-999.0	-999.0	-999.0	2817.8	2780.2	2703.2	2524.8	2125.3	1930.2	1804.8	1750.5
21.1	-999.0	-999.0	-999.0	-999.0	-999.0	-999.0	-999.0	-999.0	-999.0	-999.0	-999.0	-999.0	-999.0	-999.0	-999.0	-999.0	-999.0	-999.0	-999.0	-999.0	2986.0	2959.3	2931.3	2758.9	2418.0	2149.9	1933.0	1867.9
20.9	-999.0	-999.0	-999.0	-999.0	-999.0	-999.0	-999.0	-999.0	-999.0	-999.0	-999.0	-999.0	-999.0	-999.0	-999.0	-999.0	-999.0	-999.0	-999.0	-999.0	-999.0	3157.7	3144.1	2815.7	2599.4	2371.4	1994.1	1823.6
20.6	-999.0	-999.0	-999.0	-999.0	-999.0	-999.0	-999.0	-999.0	-999.0	-999.0	-999.0	-999.0	-999.0	-999.0	-999.0	-999.0	-999.0	-999.0	-999.0	-999.0	-999.0	3404.3	3217.4	3109.2	2777.9	2615.4	2276.5	1912.9
20.4	-999.0	-999.0	-999.0	-999.0	-999.0	-999.0	-999.0	-999.0	-999.0	-999.0	-999.0	-999.0	-999.0	-999.0	-999.0	-999.0	-999.0	-999.0	-999.0	-999.0	-999.0	-999.0	3353.5	3354.6	3095.9	2958.3	2755.0	2281.2
20.1	-999.0	-999.0	-999.0	-999.0	-999.0	-999.0	-999.0	-999.0	-999.0	-999.0	-999.0	-999.0	-999.0	-999.0	-999.0	-999.0	-999.0	-999.0	-999.0	-999.0	-999.0	-999.0	-999.0	3536.3	3608.4	3354.7	3134.2	2815.1
