xmlns:cpt=http://iri.columbia.edu/CPT/v10/
cpt:field=prcp pred_err_var, cpt:dof=16, cpt:T=2019-07/10, cpt:nrow=32, cpt:ncol=28, cpt:row=Y, cpt:col=X, cpt:units=mm/day (squared), cpt:missing=-999.00000000000000              
	87.125000000000000	87.375000000000000	87.625000000000000	87.875000000000000	88.125000000000000	88.375000000000000	88.625000000000000	88.875000000000000	89.125000000000000	89.375000000000000	89.625000000000000	89.875000000000000	90.125000000000000	90.375000000000000	90.625000000000000	90.875000000000000	91.125000000000000	91.375000000000000	91.625000000000000	91.875000000000000	92.125000000000000	92.375000000000000	92.625000000000000	92.875000000000000	93.125000000000000	93.375000000000000	93.625000000000000	93.875000000000000
27.875000000000000	2.9989508323475915	2.9910810213269095	2.9809638275588739	2.9634740456018984	3.0610233952776489	3.0479295566198639	3.0720109912147615	3.1756898704902192	3.0907753538937475	2.9493908238317528	2.9291386908397428	2.9420439710243156	2.9106177245004452	2.8451239639425521	2.9782007173220926	2.9756363723046593	3.0032146411799174	2.6982685962584321	2.4646561084038465	2.5973033087182578	2.6606570480739831	2.9587110638030056	2.9789840635266733	2.7937430051200476	2.9236578090018419	2.9656713918990705	2.9780378795287872	3.0565582004593157
27.625000000000000	2.9077034251950438	2.9735817423571853	3.0117472470319275	3.0009234406783949	3.0603554750403235	3.1802582111366542	3.2246537207074772	3.2074728601281786	3.1138146748221858	3.0323492928925626	2.9979407252687937	3.0299637508619157	2.9660529287682964	2.9589993624972677	2.9337696810595051	2.8475997883574280	2.9541674136107461	2.7110608639191955	2.5154535437737060	2.4430198370789453	2.7671744562789358	2.8319752309083861	2.8058048202912680	2.9260119757225982	2.9152696804698039	3.0696544394253067	3.0748787479077584	3.0294693376782109
27.375000000000000	2.9713187616264980	2.9956792747314553	2.9873724860567088	3.0052405940821614	3.0811448065986426	3.0818255629542617	2.9673819960203494	3.0621611682003880	3.0460833545585966	3.0374573465991199	3.0309462898089143	3.0077026432287144	2.9999210885381520	2.9551928303852057	2.9155345684798930	2.8591602554578328	2.7791683436772874	2.8359726678764408	2.9099698861667647	2.8134189942965349	2.9175869875856728	2.9833408343358632	3.0972376803766726	3.0197076730192678	2.9947214449023920	3.0645537811695189	3.1221026132362253	3.0955053517950559
27.125000000000000	2.9832728366486196	3.0006448419950513	2.9781494828281976	2.9504810089381399	2.9096725846429936	2.9091272819073879	2.9130994825298595	2.9075004912613700	2.8755451884484984	2.9118437151472776	2.9736186234750206	2.9457183583001534	3.0227883408839222	2.9683233618960299	2.9966646079781722	3.0072207766818697	3.0823241564485375	3.0388442764166683	3.0414824653570434	3.0531513061612943	3.0299533754191716	3.0579063361617518	3.0945853394803113	3.0469474311498987	3.0460198982872777	3.1066021410953155	3.2213003012179513	3.1678055837336867
26.875000000000000	2.9060870274581054	2.9351088428124656	2.8759146018302038	2.8879332127997071	2.8514257546830586	2.9100604347785310	2.8987749882305494	2.8708288969581117	2.8622614317177004	2.8521846798026131	2.8773088141254712	2.9390592222945653	3.0575012714177232	2.9488004474841816	2.8730955483251219	3.0294904600266293	2.9733380578478510	3.0324422324662046	3.0438429088394505	3.1823284963854470	3.1627544064937232	3.1944715563148924	3.1270312979682759	3.0954389249443541	3.1452376758715603	3.1202614934758977	3.1954219645841158	3.2091888837956790
26.625000000000000	2.8805992412130959	2.8795462967967387	2.8713196867241590	2.9494348883310502	2.9154404500848763	2.8967893884563649	3.0334357130730458	2.9396680021742143	2.8771957727382262	2.8369742243578133	2.7634954899352859	2.6501001919198370	2.7453695332904955	2.6851202347607832	2.8667024258860265	2.9648984713834858	2.8635182337273499	2.9706443853551607	3.0778099069401836	3.1763478098213054	3.1957250945790463	3.2061132054905697	3.2022204416548008	3.1852601878826459	3.1515511761082604	3.1579767246968973	3.1361702039980197	3.1888888876754722
26.375000000000000	2.8430687767267142	2.9148064622465539	2.9852554091239871	2.9526452488161601	2.9216583299992962	2.9406980068499369	2.9509334648019938	2.9163070572324790	2.9172409898680622	2.9437886801740589	2.8694217904076558	2.7420018146138632	2.7280037556047634	2.7468829848407319	2.9418937376596053	3.0626453323722376	3.0622052481547812	3.0675602229242540	3.0708368137947568	3.0998925512897952	3.2048702278712682	3.1429667666554710	3.1271070617213401	3.1388450999819089	3.1665759862046499	3.1982812052189060	3.1240829080728556	3.1830727913824015
26.125000000000000	2.9169967389483555	2.9659250556522250	2.9797899559913388	2.9712010118067598	2.9394105105743318	2.9577619046011541	2.9589489520014727	2.9356541964006433	2.9357140392675736	2.9075555572539948	2.8848318257436647	2.8162998456353292	2.7862552766128252	2.8148571302606866	2.8768764957406616	3.0650725076997341	3.1352326735434550	3.2881107110502525	3.2611255535651482	3.1084516666955793	3.2104091463641726	3.1491270550477384	3.1248983612389569	3.1555400345202389	3.1670296938678919	3.1914040441445652	3.1715857913871197	3.1957592958564005
25.875000000000000	2.9214880827026826	3.0023474872666918	2.9678383719777264	2.9402831497047202	2.9295778780819450	2.9403563833491284	2.8946300423628921	2.9032895854895284	2.8568509152124091	2.8155602093167573	2.9506219857926328	2.9801737624852587	2.8538565789269694	2.7535243765553084	2.9916295405576090	3.1115661193753499	3.1465019772109857	3.2232797892100216	3.2094190021216815	3.2059060051976562	3.2190241699359774	3.1952826628099786	3.2006653859358036	3.2025829391670464	3.2368455144659269	3.1568968087852110	3.1942852423645216	3.3280563390051396
25.625000000000000	2.8802593038851598	2.9472728467818090	2.9282277188552484	2.9311602697411838	2.9319248730215288	2.8892283908005028	2.8360280847734294	2.8968734910105196	2.9671108912812190	2.9200712509295395	2.9904181784379680	2.8939595843303403	2.8728726573483434	2.9236518228175514	2.9887973330140372	3.0628062881554832	3.1999101092408742	3.2125377922000395	3.1522269587227312	3.1713928462846028	3.2285463181405056	3.1935291374528676	3.1724652131394722	3.1597645113645414	3.1937916266754738	3.1784548892323290	3.2192540509421779	3.2691881530027347
25.375000000000000	2.9318833913311506	2.9777059890084225	2.8917084917396028	2.8776033300438790	2.8108844981276242	2.7957922422842785	2.9509710274222281	3.0362894259676114	3.0376505483175342	2.9313171868165715	2.8001306888687467	2.7748329578832780	2.8691446321291281	2.9129021034143303	3.1041915804526812	3.1842254185511507	3.1264551488079908	3.1653061009307262	3.2015416391636595	3.1996160248871552	3.2045343984231098	3.2378501077721156	3.0740007119911121	3.1616254590678898	3.1791046657569275	3.1818435642120830	3.1925518182611867	3.2353196077528343
25.125000000000000	2.8879851095174458	2.8324714874849968	2.7519419412711943	2.8255519807711460	2.7687249278321411	2.7589514553734080	2.9007316073024447	2.9550199679972859	2.8418802793286662	2.7327660749058480	2.6567452255326205	2.7796997506424614	2.9002420838847587	2.9976657698434721	3.1774633883158012	3.1876740656913634	3.1970845030085289	3.1786469204100891	3.1835698739989078	3.2116449163243654	3.1598671543215455	3.1524725740648574	3.1807695188894507	3.2156496652705053	3.2194235908600861	3.2658517835071601	3.1672398589289918	3.1427994943855131
24.875000000000000	2.7360299759890472	2.6803916452394780	2.7654500826894899	2.7296425383161615	2.6163752459932663	2.6238251306614764	2.6298884415034864	2.5734795650542757	2.5205425345010863	2.5126041301436075	2.4438809753641753	2.7064855426340220	2.8044917148811348	2.8976691878783321	3.0981578975452750	3.1909537366599361	3.2319130855355076	3.1810522062070334	3.1826725888941718	3.2244269288067335	3.1481719571721953	3.0925420185136501	3.2018932163023313	3.1501356228500992	3.2885713174140796	3.2325138377919820	3.1610794236257145	3.0992064310426302
24.625000000000000	2.5764009742025218	2.3269050108619158	2.3930089246205850	2.4227618290439166	2.2679643901349835	2.2640248721559946	2.2654490775925873	2.2991181614020779	2.3370433713935701	2.2991237051216862	2.3597066457954696	2.4903911388910376	2.5878463381385517	2.6865971987229957	2.8467204193692939	3.0463238857622508	3.1972020089810735	3.1532825078966953	3.1593548513260852	3.1623034220997170	2.9675557269874502	3.0533814244935678	3.2213176584284433	3.2933551838679840	3.2974162747110149	3.1548237318418555	3.1423531561631810	3.0913913491589904
24.375000000000000	2.4854323070399387	2.4245821761273247	2.3414204030794257	2.2569563211495955	1.9984766837792367	1.8324647307479802	1.9727380957818088	1.9421346629383922	1.9261570897414044	2.0456963235940515	2.0678720391926166	2.3314066025172946	2.4595554995504632	2.5069468750113515	2.5423178717003898	2.8751933800432963	2.8847175473797133	2.8330113305204709	2.7156854409816562	2.8606665117556695	2.9365657950803419	2.7889394410000392	3.0017079122432460	3.2464349558008272	3.0384952770173452	3.0411774795587481	3.1690303623213500	3.1220003523168631
24.125000000000000	2.5887971817792566	2.4821606419210771	2.4298758148002060	2.1849107275533188	1.8840411772050543	1.6832141913985885	1.7017495054035330	1.7909628144504486	1.9058729781781019	2.0340915845482841	2.0099186699327070	2.2523319446260306	2.4023080531680683	2.4351855100417326	2.4028052473929158	2.4924447250554613	2.5186835370445984	2.4048610147205784	2.6222408926799354	2.8698572676904308	2.7449082444836992	2.8365286607010023	3.0936283752056548	3.0914987071483653	2.9906653355754678	3.0223303559569188	3.1181648616886228	3.0403968588312256
23.875000000000000	2.6626329001506752	2.4441831285346485	2.4048242364127907	2.1636534547556452	1.8461845557778804	1.6361031021570123	1.9143810118081823	1.7884852889065834	1.8548350478709634	1.8863954475783737	1.9371409296674704	2.1519035940054190	2.1677936799214956	2.1954338423839035	2.2542656230179579	2.3787271151405109	2.4470607740867543	2.3301629885205131	2.7462120860998778	3.0623299833352120	3.0234290487439175	2.8132436225195439	2.7964117812880400	2.9428010086458705	2.9220361467089062	2.8451712555586477	2.8858148153308956	2.9885518985699164
23.625000000000000	2.7329063348138707	2.4287237454946116	2.5384256012375515	2.2586429552479186	1.9485966732080018	1.9965818873662176	1.8993819359706918	1.7018892985810981	1.7999923181684565	1.8864817622323005	1.9641023859569864	1.9642161146419057	2.0207222749477771	2.0149823942346097	2.0657780229999716	2.3102865981586374	2.5041104140627359	2.8202926340146943	3.0520984351010614	3.0171517457606205	2.8076839328327647	2.8830089547403057	2.9513111655432698	2.9626245444826207	2.9955054801266727	2.9786019635628627	2.9033400430927463	2.9088492295264161
23.375000000000000	2.5828881289693766	2.4437327452937248	2.5430064656845643	2.4591880365277716	2.2412828687011772	1.9314498389431085	1.7308670775834774	1.8771525693225348	1.8700773887844391	1.8487570633694017	2.0302302486465167	1.8202591374689976	1.8712186927272172	2.0176955078511525	2.0228937673654830	2.4440525212798749	2.6653448097477268	2.8281119216383619	2.8825818548423192	2.8383178075036088	2.7326399066368898	2.8835190562402477	3.0403815202645617	2.9666949320101392	2.9001594833005866	2.9716199754826063	2.9227078313083354	3.0006231288091021
23.125000000000000	2.6256083301498707	2.5573269320468648	2.6483273632670987	2.4817657856243129	2.5193197259682254	2.0615979124423847	1.9411614623910878	1.8993725759318869	2.0377422993330394	2.0036671903756513	1.9375110330438916	1.8829896825274250	2.1534247072181052	2.1320311153089317	2.1975984886318964	2.3131689594727010	2.4179597685315852	2.5117541026797139	2.8386962024747660	2.8694894711800085	2.7942619989812862	2.9276633558185416	2.9526326571266073	2.9319916567825541	2.9260567265282753	2.9756240117441646	3.0420031900976348	2.9551756431371481
22.875000000000000	2.6944410013563567	2.7140428847860671	2.6319528677191584	2.4792450796827565	2.2467714603203013	2.2156624622661347	1.9575932022779554	1.9389353387851029	2.0227011881652848	1.8741059382512906	1.9326109060024681	1.8793120195517750	2.0522663409421908	2.2202171999122302	2.2995839059601035	2.3385440430735369	2.2382090921894049	2.4259224149605636	2.6658575841041099	2.8693547977091938	2.9499250221102278	3.0289157498263357	2.9576581188490469	3.0431935434452395	3.1545625707810330	3.2181508126895118	3.0958291961798778	3.0323268119494657
22.625000000000000	2.7112940117769093	2.6108106474412200	2.5199740441159957	2.3105966358580590	2.1455280701343296	2.1082144562634810	2.1794559803725679	1.9894219481659658	1.9689667403562203	1.8284199276100901	1.8460165185649282	1.9010815771179543	2.1237663422520159	2.3664778826013451	2.3139274417163307	2.4344240602475753	2.5684637449358898	2.3728861397681760	2.6221145662352980	2.8867965233764799	2.9610794391296293	3.0685389972290706	3.0002998917470229	3.0845249174024270	3.1436138382998746	3.0785486458890765	3.0503095208288955	3.0088245034265242
22.375000000000000	2.6090721888181299	2.5784666574860311	2.5744643254486905	2.4204929284443000	2.2091810761435546	2.1189233645974404	2.2674485620187199	2.1832584343334931	2.1435418161206461	1.9832367342692376	1.7992653007333981	2.0977199405834779	2.4018343144630494	2.2502549086911872	2.1896985640755422	2.5806907934883339	2.5791136559082615	2.5316797935528310	2.4453416048204688	2.9238284488778277	3.0286955555090427	3.0430116334365409	2.9220795930855306	3.0371417630743220	3.0578864081429571	3.1134140059624604	3.0585912366394687	3.0618412159384829
22.125000000000000	2.6900328158250257	2.5839150374393918	2.4528803413747156	2.4877542352760615	2.3219716927768905	2.2902670425924225	2.3414395110802286	2.2141002243362218	2.0803940837856914	2.1113157892588097	2.1270251892697680	2.2086657172254718	2.1707043292833035	2.4594882119525878	2.5098824197233456	2.4700650732207157	2.6086015184691238	-999.00000000000000	-999.00000000000000	3.0073336991960105	2.9658207464648929	2.8863524032096017	2.8797476540684128	2.9967188174539783	3.1792945837038133	3.1325864360684754	3.0784415418512632	3.0201310570072812
21.875000000000000	2.5363812811040209	2.5783507072046823	2.6252192453831422	2.4901768508834916	2.3530028197663873	2.3595362775783988	2.4532675130327077	2.1616820031339801	2.1803579143638947	2.3331298068274067	2.3307273079139379	2.2220620971785183	2.6944143372177405	2.7616558169672616	2.5429809936061849	-999.00000000000000	-999.00000000000000	-999.00000000000000	-999.00000000000000	2.9075356764647422	2.8809162639922721	3.0265552882509263	2.9997101361959633	3.1431234985247030	3.2173424470234564	3.1347225339544682	3.1247261456499063	3.0714255989361421
21.625000000000000	2.7329396424149333	2.6894407477858291	2.5617900564270593	-999.00000000000000	2.4582396515140248	2.6441197938231422	2.4947587713317492	2.2741135289045595	2.2484176247037428	-999.00000000000000	-999.00000000000000	-999.00000000000000	-999.00000000000000	-999.00000000000000	-999.00000000000000	-999.00000000000000	-999.00000000000000	-999.00000000000000	-999.00000000000000	2.8086407586015567	3.0889206919202894	3.2307987669593610	3.2155830277721891	3.1418142935008069	3.1096592176696185	3.1358717053638632	3.1136921165502494	3.0767311689075503
21.375000000000000	-999.00000000000000	-999.00000000000000	-999.00000000000000	-999.00000000000000	-999.00000000000000	-999.00000000000000	-999.00000000000000	-999.00000000000000	-999.00000000000000	-999.00000000000000	-999.00000000000000	-999.00000000000000	-999.00000000000000	-999.00000000000000	-999.00000000000000	-999.00000000000000	-999.00000000000000	-999.00000000000000	-999.00000000000000	-999.00000000000000	3.1779013465814248	3.2309625501701951	3.1396274434766833	3.1481284157459006	3.1334704075181543	3.0927518841949335	3.0662960495035918	3.0884571587573708
21.125000000000000	-999.00000000000000	-999.00000000000000	-999.00000000000000	-999.00000000000000	-999.00000000000000	-999.00000000000000	-999.00000000000000	-999.00000000000000	-999.00000000000000	-999.00000000000000	-999.00000000000000	-999.00000000000000	-999.00000000000000	-999.00000000000000	-999.00000000000000	-999.00000000000000	-999.00000000000000	-999.00000000000000	-999.00000000000000	-999.00000000000000	3.0934977804819557	3.0453997179550787	3.0762733671287710	3.1422936304973121	3.1872132496466392	3.1225445193114831	3.0701648824840078	3.0418487124875386
20.875000000000000	-999.00000000000000	-999.00000000000000	-999.00000000000000	-999.00000000000000	-999.00000000000000	-999.00000000000000	-999.00000000000000	-999.00000000000000	-999.00000000000000	-999.00000000000000	-999.00000000000000	-999.00000000000000	-999.00000000000000	-999.00000000000000	-999.00000000000000	-999.00000000000000	-999.00000000000000	-999.00000000000000	-999.00000000000000	-999.00000000000000	-999.00000000000000	3.1027260223607529	3.1126049298220773	3.1108112790808695	3.1544432675684337	3.1305008018301606	3.1019881248378729	3.0650020171782391
20.625000000000000	-999.00000000000000	-999.00000000000000	-999.00000000000000	-999.00000000000000	-999.00000000000000	-999.00000000000000	-999.00000000000000	-999.00000000000000	-999.00000000000000	-999.00000000000000	-999.00000000000000	-999.00000000000000	-999.00000000000000	-999.00000000000000	-999.00000000000000	-999.00000000000000	-999.00000000000000	-999.00000000000000	-999.00000000000000	-999.00000000000000	-999.00000000000000	3.1360344767249546	3.1235077507663096	3.1985885850523252	3.1571594029118950	3.1076768755198003	3.0832992392624767	3.1113328643102709
20.375000000000000	-999.00000000000000	-999.00000000000000	-999.00000000000000	-999.00000000000000	-999.00000000000000	-999.00000000000000	-999.00000000000000	-999.00000000000000	-999.00000000000000	-999.00000000000000	-999.00000000000000	-999.00000000000000	-999.00000000000000	-999.00000000000000	-999.00000000000000	-999.00000000000000	-999.00000000000000	-999.00000000000000	-999.00000000000000	-999.00000000000000	-999.00000000000000	-999.00000000000000	3.1850451075074488	3.1873619915690696	3.1165389154714553	3.1282531642447515	3.0506107002813572	3.1398108069963970
20.125000000000000	-999.00000000000000	-999.00000000000000	-999.00000000000000	-999.00000000000000	-999.00000000000000	-999.00000000000000	-999.00000000000000	-999.00000000000000	-999.00000000000000	-999.00000000000000	-999.00000000000000	-999.00000000000000	-999.00000000000000	-999.00000000000000	-999.00000000000000	-999.00000000000000	-999.00000000000000	-999.00000000000000	-999.00000000000000	-999.00000000000000	-999.00000000000000	-999.00000000000000	-999.00000000000000	3.0691771339162575	3.0372568628253429	3.0130076053324384	3.0601828555678092	3.1296923580184379
