xmlns:cpt=http://iri.columbia.edu/CPT/v10/
cpt:ncats=3
cpt:field=prcp, cpt:C=1, cpt:clim_prob=0.33333333333300003, cpt:T=2019-07/10, cpt:nrow=32, cpt:ncol=28, cpt:row=Y, cpt:col=X, cpt:units=probability (%), cpt:missing=-1.0000000000000000              
	87.125000000000000	87.375000000000000	87.625000000000000	87.875000000000000	88.125000000000000	88.375000000000000	88.625000000000000	88.875000000000000	89.125000000000000	89.375000000000000	89.625000000000000	89.875000000000000	90.125000000000000	90.375000000000000	90.625000000000000	90.875000000000000	91.125000000000000	91.375000000000000	91.625000000000000	91.875000000000000	92.125000000000000	92.375000000000000	92.625000000000000	92.875000000000000	93.125000000000000	93.375000000000000	93.625000000000000	93.875000000000000
27.875000000000000	44.932864938698266	39.692614791879308	46.478672598317083	50.449146592803281	42.240355287125638	36.314192072289700	30.258165027489838	35.624201103630654	31.449454991414072	27.109964130368482	29.000871929119370	29.878991991960007	26.031828016087758	22.741412229710846	30.858167361910034	31.125211090833886	32.130318612361492	19.496550274350412	12.855868188927374	16.575934999569952	14.323540731337275	19.698999833286663	20.175356458028119	25.848691510457783	30.052758143422651	37.706426549922156	34.963146766734482	29.365885895298788
27.625000000000000	39.969218581940616	36.651205295955513	35.075024020683770	42.428443634703825	38.928041563498205	36.599281822397899	36.784295291997246	36.804865497344764	33.581075879659423	34.670178579737865	27.859262788529804	33.781259925332620	35.008532299548420	31.900552960627124	30.739228346008957	27.869932686424704	28.683632391124718	20.692093034098448	17.746715506023023	12.993769371016285	15.046144912327790	17.796959660150364	22.338917771867798	25.294535828269090	26.405236202204748	33.597443048854075	26.972675879744017	36.436985743039173
27.375000000000000	37.622237107810697	33.837146977425590	37.027053107703843	42.824922193601431	38.108088949236787	34.842813008683208	39.114969356482888	36.101732255706729	31.334987242910415	31.030261015900919	34.068447693920774	39.007068607025928	37.499994293403049	38.378212952623400	35.532067838229693	33.065866582326095	22.019506762804824	25.256331210326152	24.571087895608002	22.945698897687748	30.557284788384749	34.004162844430724	35.602928448662780	33.816445346890688	36.608242687106966	38.214156140929198	35.582669171056864	48.649263311570223
27.125000000000000	31.816891988080073	32.682109013075220	35.883631565255783	34.724499839323457	42.985909042366153	40.863716274104092	36.610002008623745	36.949923077391531	36.190463932926797	34.763918469934936	38.138675976858636	40.990360769059485	24.927469678892805	25.880271785392253	34.213720712272590	37.367624523747622	34.424490301133105	29.048335182162617	29.065235601309197	28.600095193281462	29.600828012706330	33.288784977510133	40.646439685241710	36.547608683955076	38.428098193657476	37.529737480453271	42.280487194469885	48.698141817525219
26.875000000000000	33.585761010356066	31.466161865201741	29.388608192492498	38.339662537297237	45.141730272192063	43.759106706286268	43.137136595094347	41.242042355763900	37.268229393461446	42.546603539521655	38.631343926678198	27.144656540446022	22.047466187304551	21.484660225488582	27.425686720242041	36.774809562314317	43.669628447259257	37.630054493116951	39.145125213577650	36.422470987041052	36.118389009181854	40.782412048900383	44.103389425373393	42.495979867402433	40.835218838132647	41.696071596274329	47.332740650157511	51.528642959359118
26.625000000000000	34.730234115712889	33.799774987082117	35.088717064366008	38.708984959352932	36.124402220900564	37.025423477079087	40.290241557995657	39.199691083534169	40.711166873095493	36.250669001737954	31.327373025297845	22.957606758579459	18.735811340194331	25.838177103315061	29.828617473251327	34.338172823947914	43.932742759306166	40.492640633018929	36.493773515446271	32.768196761217069	42.024907068521934	47.473957983698668	47.058675854234558	43.147948298619198	34.994173781139736	41.593453920828004	49.378128415871792	55.587129946723913
26.375000000000000	30.778362613305916	31.693685702117577	32.126385278317500	38.677011022665475	43.975897488910796	32.704355044616904	35.127182557526751	37.863027556409378	38.210296538345332	36.799928720389616	33.186732708477180	22.564191353505620	21.577864530484320	21.399670673203886	27.692141401997446	29.442777839448354	32.196339676064852	23.996955455251339	26.239488520711944	21.751495996294494	36.812560350838666	49.443267106930087	48.676301744202547	43.735341310487932	33.857716657697097	37.983381778860448	42.335013322958325	52.338895554905882
26.125000000000000	32.477925804255264	31.392742800372048	33.311264873279583	36.968079760154460	44.906447437945097	35.631545607933248	38.513566273998649	37.138322018357940	37.160502688925590	41.338330028512928	35.927227764634182	24.312733539468184	17.696937595794466	18.637072319754154	19.478224059137546	21.382894065981688	24.866242606718188	26.770468230567374	22.955936037996835	22.122391712666030	33.391595736619379	42.564766578702958	41.841926754555637	35.561633736767433	41.464105878117266	33.482168709457682	35.650805108056986	44.712213405689006
25.875000000000000	28.605602414127631	33.153562806690843	33.319288587302751	31.860183223734438	30.590122508443713	31.526080483255200	29.603661318737466	29.880196290801081	27.373325888313332	27.151741615989252	26.799257145687676	25.862600306400822	19.421441152510425	14.309640204946746	18.872558763871368	26.907594047850395	29.875211990118927	28.234774127696312	34.453537909621687	29.584815076924670	29.082255449116616	37.863150228787070	35.780783018048211	34.481016933052473	33.188073175518284	34.319551189318645	34.557230064062523	42.547291568351376
25.625000000000000	21.544009425497634	25.321547599950819	27.195976868311490	26.110465709895635	24.073429238668595	21.654925790038448	20.246260329398950	21.071632303697683	20.949819289579054	21.459677831968818	22.931769644192741	19.240437971603470	20.076864634791718	20.479180419431685	24.277136418163025	33.405020963885093	38.779075447998558	28.053868567701116	35.755804150243250	29.668303898987730	27.566056091727503	25.450266069715184	28.824433153503577	30.920831585925953	30.774777997198228	37.334578146212252	41.969202444825711	40.563207513415833
25.375000000000000	21.691933699678060	22.383238027716061	18.656531877028428	17.564263984118952	15.972398405201034	17.001135911599775	21.408386130358068	19.383299173355113	15.556380215042751	17.265190127176311	17.629702370862944	20.101975967295033	22.870240732785902	23.817423424493526	29.108609118582152	32.887091572250554	40.045153804918087	37.248308063130075	34.714885734997907	30.994320765567778	29.245700317909240	30.123214253382201	26.387057909887844	29.880687781732746	31.888942223610385	38.545903626810151	36.857714396339382	40.781200064230227
25.125000000000000	22.471048865124558	17.508571244278059	16.096878853610519	14.650531497000145	11.943340492329838	13.326190242626950	16.459070731784834	16.800612947665655	13.459176428888171	10.923759721462261	9.5385659676267522	13.326887527727934	18.221266851297898	22.848668499065312	26.138188045545334	30.399971180078936	32.920542911121686	31.345360284264387	32.710312345543485	30.912086925047518	30.960025336557607	29.811328218193893	30.378815667310846	33.323916741208464	34.154961115667987	38.107251941151233	33.243874621932278	33.753124239071511
24.875000000000000	13.747514676477749	14.199041109687130	13.766921465041165	10.811556895052803	8.0513677941739417	8.3514976977971003	7.7804391852420878	8.1778734749645707	6.9081527575042543	7.4592054554073997	7.3657734756904887	9.0753232468031939	10.512236840866464	12.693273509500230	19.733151422334899	28.284928681964487	29.323255279322552	24.752709496419044	26.281640428501717	24.784978784624670	26.550468637987478	27.587726451084819	26.992076287332495	28.141338948926091	36.474441420479977	34.745897909680693	32.184139634979886	34.597852552516102
24.625000000000000	8.4362705745847961	5.1331373684511448	5.9777195087201846	6.9558200068838545	4.8453890956649559	3.6843996282892988	4.3621915010392627	5.0883494033095644	4.3053172628826388	4.7405966738344461	4.8648946082719675	5.4629546324234610	6.2386612444117731	7.0465581807330722	11.930947343698506	12.684456013349603	12.874988588510945	12.425335319067329	19.384428970967832	20.774061395466916	20.495969033077785	26.545133422298477	34.328975657963440	37.360883732710114	36.453691295569676	31.019976724067405	31.092004957895654	36.106277692132529
24.375000000000000	5.4542034142985614	5.1694104792650251	4.5431204099323708	4.2097867905339825	2.2928725865316153	1.6680271962630826	2.2792120876350452	2.2459757947240462	1.9624261381187154	2.0801238634785619	2.1566114944274659	3.6500182191163759	3.4516006381477951	4.3202851148880796	4.6796668803860086	5.6288230060493873	5.3966052105934779	6.2350555966358456	6.3556567783720368	18.123358646755008	18.859593889700392	14.038973245209405	21.846503464771686	31.397164983158760	22.273992895549654	21.319775191020085	28.441978370658006	33.629305710413178
24.125000000000000	5.2113714629771266	3.4812741196442119	3.1671044622289060	2.5962903171552085	1.2689073278379794	1.1863961934079441	0.99146945584006119	1.2942127077988488	1.3402699259955142	2.0284506238707394	1.5964605642566028	2.3524978697510761	2.6965888919099399	2.5582502986329700	2.1250350353366940	2.5227401038886370	2.5664636295132510	2.3969378147457547	4.4002063558126991	7.8896138095498003	9.0055098912833387	14.798620344241414	20.916202787920454	22.614099949971404	17.923530711509045	18.498291849566456	26.491580495080996	30.639210325310501
23.875000000000000	5.6503830725677062	3.6940000487412590	2.5915348007476382	2.0496978343887804	1.4205225467832605	0.79249206362493396	1.1704337373461442	0.87302231538457420	1.1191584580492133	1.2355137444179434	1.1738377629117451	1.6157802081753943	1.4724413731630079	1.4291105411472387	1.7633267634636951	2.1990652495785099	2.4816512356331373	2.1870774523421943	4.3119333157170274	8.6754681274552894	10.362124782638944	8.3502022452207001	9.8542700113958119	13.005782403002016	15.912232519419561	12.145728213777076	18.399827439599349	23.222066147672479
23.625000000000000	4.6162901476426725	3.9584799070095613	4.8449445091820422	2.8490516310720579	1.6842944513699365	1.6033059870969453	1.1426390129157511	0.55007675911650722	0.66407969500896513	0.76246084162634986	0.85430609361361576	0.85933523453800831	0.96899101649292163	0.95989553400634975	1.2836500340984429	1.6417245263403544	2.2941709196198872	4.3494804972452812	7.9881051640979877	8.9785271052512172	8.3940309989439186	9.0182217453007070	10.359926784925506	11.262210022176077	12.801282263011572	13.464807272210521	16.733499424013914	19.071537465328660
23.375000000000000	3.7523041252743212	3.7387877107233010	4.4373555815958099	4.1470888676255271	3.0194199058434492	1.4515691886058164	0.70021538017149965	0.69207151833998637	0.55235519412865131	0.57358653202098253	0.78711189962270112	0.67285823054797333	0.83809414278836414	1.0431179507866375	1.0524220333139169	1.9043916659939981	3.0893839789826245	5.1036900557583067	6.4732846317587871	6.5204878994228892	6.4022030991866927	7.8000062751450798	10.579292239166364	9.5025602432320397	9.9176966852681545	12.250840188865510	16.300998302094854	16.890466095888456
23.125000000000000	3.5996058851625321	4.0112936235435512	4.6936738647575140	3.8494458855322762	3.3707120319360087	1.3555724264569591	0.88564075898599981	0.67065691355571744	0.68694236676915921	0.67684492777809169	0.66876396060460763	0.69403888074272402	1.1004817113823862	1.1224560103471646	1.4353622192017212	1.7487486354269208	2.5440534699648936	3.2026605030062427	4.9139500983416156	5.1875286889453776	5.5469156130664174	6.7316293630353243	7.9475447714688414	8.6383833261314464	9.6164342536535230	12.703642900363462	19.290923417544860	22.929721446837490
22.875000000000000	3.7127225855187902	4.3632541846830293	4.3181567097341542	3.2056378434945003	2.3838049440390989	1.6130062977710224	0.74564328826454584	0.67137138901559013	0.75436853871543974	0.55647985009940726	0.69903517522755010	0.75736437383049804	1.0590587682611243	1.4553619334242001	1.8244935716250552	2.0606546943842829	2.0289697827573008	2.5995507308679180	3.8308105643449721	5.6182765143829130	5.4300186638903654	7.2645868102947446	7.8699792679829130	9.9563784234972701	14.790576426765952	23.368983617610169	25.012076967453297	27.510172470455558
22.625000000000000	5.0628921188252889	4.0334757414531879	3.4297403624198068	2.6491599756045048	1.6258533867978429	1.3887653608026653	1.1815324383760668	0.76399543073306120	0.77597096646157127	0.62299734011725150	0.73871447836631887	0.75011183565273143	1.0029521143303413	1.5995242696673131	1.7674886429883969	2.4114683136541402	3.6536009561817195	2.6688081959251662	3.4012789920716386	5.2099380770704045	5.8029070464674248	7.6475117866875877	8.8569999330588587	12.177777601212711	18.556300651799205	17.665845902287998	21.145267499204294	22.847256518822661
22.375000000000000	4.2905921315544759	3.5570277827888077	3.6233528521563727	2.4413592674348195	1.8395873911041178	1.4794778129513588	1.3686523425640047	1.0348819998446288	0.88489033597920752	0.88050685385249494	0.71849129701664083	1.0178180707486888	1.4628753474663085	1.9123462446398776	1.7976908929871485	3.7462807618935869	4.0650648194403942	3.7519421448157573	3.1797805575924798	7.1670581320384485	6.8541228423950571	7.7924931041660273	8.4187976045157740	13.557220491578263	18.715881214450050	24.338946004742510	24.503150027470781	23.264726284735929
22.125000000000000	4.6247322412175720	3.2756133094456175	2.7100072070599168	2.4646847258356104	1.8898459088593285	1.3251323402101747	1.3105084810002410	1.0975133405556505	0.83878293888837163	1.0290478610044715	1.1900426184243003	1.1828472284471303	1.3740513693842900	3.1475430763111518	3.8926237066180676	3.7570022724268313	4.8800936691728083	-1.0000000000000000	-1.0000000000000000	8.3104376635355095	7.2712015676021338	7.5697103505713841	11.152772892792711	13.255403554617757	21.715455347045548	35.647605669990767	33.094092098266586	31.334802691296161
21.875000000000000	3.9991920417314901	3.0732749532549946	3.1208863318080091	2.6221324588200758	1.7392622086283041	1.4477533001561227	1.5925343486405268	1.1570255621800527	1.2616546857551043	1.5208174060237099	1.4609906061367752	1.3234399711264047	3.3321647535494350	3.6598711417922232	3.5681213640599623	-1.0000000000000000	-1.0000000000000000	-1.0000000000000000	-1.0000000000000000	9.0534712806648940	6.9306639942858368	8.0712007608658638	10.698508323089740	20.483516807011213	31.020260116021447	40.698075473045094	36.230486706420393	36.530586578746082
21.625000000000000	5.9825485552491671	4.2999354115792698	3.7086637384125822	-1.0000000000000000	2.3680141916780428	2.9175048214502937	2.3120826618890931	1.5007260027821019	1.3481919373503359	-1.0000000000000000	-1.0000000000000000	-1.0000000000000000	-1.0000000000000000	-1.0000000000000000	-1.0000000000000000	-1.0000000000000000	-1.0000000000000000	-1.0000000000000000	-1.0000000000000000	7.5759321267587012	9.2671825762513720	10.817484003788152	14.692684799769225	23.748900137375898	33.142475019615162	37.940621565270902	41.045100954892177	41.649445631495418
21.375000000000000	-1.0000000000000000	-1.0000000000000000	-1.0000000000000000	-1.0000000000000000	-1.0000000000000000	-1.0000000000000000	-1.0000000000000000	-1.0000000000000000	-1.0000000000000000	-1.0000000000000000	-1.0000000000000000	-1.0000000000000000	-1.0000000000000000	-1.0000000000000000	-1.0000000000000000	-1.0000000000000000	-1.0000000000000000	-1.0000000000000000	-1.0000000000000000	-1.0000000000000000	10.357589824887597	11.804815673378471	16.972720314595733	22.574573528745844	28.172327397451681	34.091416205713728	34.162681165685512	40.144877314642933
21.125000000000000	-1.0000000000000000	-1.0000000000000000	-1.0000000000000000	-1.0000000000000000	-1.0000000000000000	-1.0000000000000000	-1.0000000000000000	-1.0000000000000000	-1.0000000000000000	-1.0000000000000000	-1.0000000000000000	-1.0000000000000000	-1.0000000000000000	-1.0000000000000000	-1.0000000000000000	-1.0000000000000000	-1.0000000000000000	-1.0000000000000000	-1.0000000000000000	-1.0000000000000000	15.626563670977973	17.496537805075448	20.738703797840458	21.297234112871053	23.497954850322884	20.433040635503758	24.887339094211441	37.937451889537833
20.875000000000000	-1.0000000000000000	-1.0000000000000000	-1.0000000000000000	-1.0000000000000000	-1.0000000000000000	-1.0000000000000000	-1.0000000000000000	-1.0000000000000000	-1.0000000000000000	-1.0000000000000000	-1.0000000000000000	-1.0000000000000000	-1.0000000000000000	-1.0000000000000000	-1.0000000000000000	-1.0000000000000000	-1.0000000000000000	-1.0000000000000000	-1.0000000000000000	-1.0000000000000000	-1.0000000000000000	24.301435227401825	26.310557692796692	25.513839334777515	22.094746165156963	20.305147146740566	22.933321366452816	33.135160030011605
20.625000000000000	-1.0000000000000000	-1.0000000000000000	-1.0000000000000000	-1.0000000000000000	-1.0000000000000000	-1.0000000000000000	-1.0000000000000000	-1.0000000000000000	-1.0000000000000000	-1.0000000000000000	-1.0000000000000000	-1.0000000000000000	-1.0000000000000000	-1.0000000000000000	-1.0000000000000000	-1.0000000000000000	-1.0000000000000000	-1.0000000000000000	-1.0000000000000000	-1.0000000000000000	-1.0000000000000000	25.816649711343260	29.481447071981634	27.922389667737235	22.981013306720783	22.971643253801489	20.896400746798491	24.416739950777469
20.375000000000000	-1.0000000000000000	-1.0000000000000000	-1.0000000000000000	-1.0000000000000000	-1.0000000000000000	-1.0000000000000000	-1.0000000000000000	-1.0000000000000000	-1.0000000000000000	-1.0000000000000000	-1.0000000000000000	-1.0000000000000000	-1.0000000000000000	-1.0000000000000000	-1.0000000000000000	-1.0000000000000000	-1.0000000000000000	-1.0000000000000000	-1.0000000000000000	-1.0000000000000000	-1.0000000000000000	-1.0000000000000000	28.278972850033156	25.327946423847052	23.338096749303432	22.258056701994960	20.424795961633464	21.948808470697529
20.125000000000000	-1.0000000000000000	-1.0000000000000000	-1.0000000000000000	-1.0000000000000000	-1.0000000000000000	-1.0000000000000000	-1.0000000000000000	-1.0000000000000000	-1.0000000000000000	-1.0000000000000000	-1.0000000000000000	-1.0000000000000000	-1.0000000000000000	-1.0000000000000000	-1.0000000000000000	-1.0000000000000000	-1.0000000000000000	-1.0000000000000000	-1.0000000000000000	-1.0000000000000000	-1.0000000000000000	-1.0000000000000000	-1.0000000000000000	29.973271387967159	27.481795558892784	21.415667607755879	22.914362370902225	19.581660820418676
cpt:C=2, cpt:clim_prob=0.33333333333400000
	87.125000000000000	87.375000000000000	87.625000000000000	87.875000000000000	88.125000000000000	88.375000000000000	88.625000000000000	88.875000000000000	89.125000000000000	89.375000000000000	89.625000000000000	89.875000000000000	90.125000000000000	90.375000000000000	90.625000000000000	90.875000000000000	91.125000000000000	91.375000000000000	91.625000000000000	91.875000000000000	92.125000000000000	92.375000000000000	92.625000000000000	92.875000000000000	93.125000000000000	93.375000000000000	93.625000000000000	93.875000000000000
27.875000000000000	19.184272873168325	19.348189984201504	19.129125663279609	18.763399857026766	19.111280013645285	19.054791224991746	18.332403299881861	18.619441360311640	18.448546820717304	18.142764595045797	18.585102865073964	18.693016302049287	18.027262773194103	17.346533667488856	18.725169577871554	18.772203686957141	18.816172102337937	16.707411216909961	14.136854176751001	15.767099528657226	14.355277543898083	15.923081003238821	16.039628868153883	18.388780610826487	18.783186947278786	19.384753940096275	19.186264757432397	18.233933764844231
27.625000000000000	19.619986673318586	19.311707314622204	19.085624840566318	19.290143089942454	19.119754554355467	18.667686930630104	18.548096454210189	18.599095471017257	18.630840071094703	18.986985594142034	18.139992241174774	18.913787226145118	19.229153031716827	18.932315736993921	18.855492495089173	18.648892835669329	18.443254460182828	17.120553087406861	16.633536880793272	14.303330883240108	14.410870884387819	15.540063696856464	17.353904900789217	17.794471861170216	18.099208398515593	18.769683732762076	17.710372252770611	19.120236798231538
27.375000000000000	19.363230323152038	19.029849834292477	19.285764411003356	19.264559750982443	19.033613775690064	18.845406058777819	19.416763367867325	18.997272740082451	18.573484999651306	18.557979695899114	18.938126974819021	19.285990090463308	19.266153368088474	19.440312437737433	19.435896174948809	19.410792557621797	17.342326787079784	18.091325779690727	17.658912711822651	17.518901075952300	18.882806424245864	19.086053031529559	18.855337422307272	18.950120461974599	19.240882156712750	19.088182183242758	18.777716361108617	18.597727767379261
27.125000000000000	18.841302431340829	18.890952915003140	19.251823530702701	19.257871834612935	19.560012644138780	19.612477528786194	19.509621834571625	19.545388939187653	19.613809303816552	19.390603952809983	19.373579909253685	19.492340990978910	17.387085696731226	17.799768168859906	19.061980871949743	19.237297265435352	18.808338182463103	18.234307544294282	18.228926932684573	18.106999658310649	18.358711560396799	18.774696134720024	19.031350684536079	19.071204278405624	19.152077084068551	18.934155555409149	18.644059890858451	18.394673608346707
26.875000000000000	19.303268102756249	18.954637709673072	18.835532071651443	19.662233780298308	19.633678471564245	19.525289893545263	19.589249654723830	19.734381007690850	19.713284278036930	19.764116665634170	19.705091565359666	18.184588739400390	16.445798041169795	16.596924921581447	18.468317641037089	19.138486776173977	19.330006171147254	19.167970971783056	19.175109383452195	18.651405310727760	18.690980167275733	18.737635523924951	18.850259588468298	19.001810533400302	18.880349001878400	18.945444019962160	18.446847765235759	17.955437773148912
26.625000000000000	19.494455317588596	19.415296818465627	19.554576648725543	19.467175338467477	19.474452435098947	19.585013381132008	19.218250417179668	19.508082804863342	19.719429412155485	19.750827794385366	19.539527891656824	18.116820582598216	16.231036698496155	18.787236964455246	18.942105634446783	19.177154664357886	19.667042239635521	19.415685828061193	18.971801364184039	18.353284841428447	18.721335295281790	18.406008166711871	18.451097066782189	18.722085454689633	18.644227937568857	18.836631470229896	18.408257365810172	17.379077742477875
26.375000000000000	19.173962805094227	19.053842266234980	18.874305856097763	19.455996791684321	19.477568269038102	19.091419193844160	19.288221519681969	19.552859036725664	19.560580922019831	19.417123402272196	19.388066936174788	17.651748409383579	17.374862387014304	17.245727152037837	18.290288833078783	18.227966824991846	18.635458701614063	16.998308496631338	17.558449194481433	16.223562739226310	18.607098433721006	18.382674689385041	18.507589145712572	18.832530634534841	18.498277009341045	18.678880031294653	18.921501177619824	17.911121140649453
26.125000000000000	19.144848285852568	18.841713028952334	19.028634217302901	19.335422723638914	19.369013129775148	19.301969991909161	19.431597000985832	19.460101247503395	19.460894412452546	19.611605822592800	19.566100903630478	17.908673220761223	15.644076046367346	15.956492265380319	16.095417571148218	16.204622520039578	17.026692973320891	17.037547239884525	16.138238645845853	16.317830457700595	18.320961553013717	18.842821657291957	18.929365289822321	18.675148352370243	18.812038277448643	18.386499294302730	18.633516631554400	18.625573632926574
25.875000000000000	18.538151496561291	18.938166526306858	19.068829880138338	18.989595777660881	18.847214402520947	18.945138984749825	18.807863188077562	18.824357414560872	18.513578683156680	18.611377795716734	18.070558239210527	17.756977731151096	16.147574238133018	14.051734489825833	15.498835670548957	17.583282249535579	18.041411512809184	17.522424778869777	18.426702642884486	17.816071640241098	17.690991133502592	18.683132689850702	18.556578469782934	18.449218985023727	18.222016350386284	18.570729007319599	18.480355449788043	18.346001915205363
25.625000000000000	16.838909765775533	17.731017873840919	18.231834007793609	17.977163903756200	17.449721279160293	16.846841164640196	16.523075155409870	16.621635551416979	16.355078760951223	16.680409122030021	16.928869220184076	15.946973615647423	16.338346337659829	16.323981597432272	17.321792368222802	18.771459983418993	18.698747684236103	17.518689849126908	18.698654482339172	17.932378822140606	17.374829299079323	17.002011074317288	17.782135059302256	18.162743520124820	18.039695910730586	18.710381907069468	18.655770827116342	18.526546005420094
25.375000000000000	16.720618401183657	16.799208216412168	15.717375767818183	15.292845583644578	14.751000764068124	15.295168205513974	16.564175025812958	15.567768451985884	13.883118877997788	14.994794135029693	15.568614977788030	16.675647921185835	17.305173835662771	17.440175014368279	18.040197505661503	18.343352139926736	18.934703076732475	18.745294570620899	18.472477537712557	18.054498640804269	17.762103386427128	17.810736860874066	17.582588078866571	17.996698408726992	18.237693628391561	18.745098078793006	18.645541413602629	18.621465876777805
25.125000000000000	17.117451550341244	15.410070873985688	15.000638283658333	14.019897153025880	12.581169395102904	13.468266744109215	14.713035302441824	14.712351584446552	13.303846581699915	11.996785188260020	11.188421198152128	13.406981045834144	15.508210619125279	16.880797111814097	17.212928604402663	18.001264949143376	18.308973261763569	18.166339042880445	18.325064208359215	18.007149060308272	18.168120524530636	18.012896989450674	18.018539991303228	18.298429833447052	18.370256366865497	18.489599405918661	18.433405149665084	18.559644526189324
24.875000000000000	13.785404774566416	14.220380619806718	13.706943337453112	11.926973060050116	10.079202735456533	10.316288372924518	9.8096776916307959	10.299340585586080	9.2815714989165485	9.8185857616912529	9.9146984085854371	10.695132785178998	11.515656284752268	12.694546040005633	15.521213083742779	17.626679364249547	17.695556285053406	16.862468175229615	17.230657161312621	16.745926138408990	17.393786944838219	17.785546348098485	17.332027768420957	17.720602687573681	18.348197936006116	18.384598718245392	18.329173505942457	18.771035263579940
24.625000000000000	10.512558105781423	7.8940448047477787	8.6637926411021198	9.5792084733982392	7.6974918127899770	6.2414396265762946	7.1124138970570954	7.9089665318879696	6.8860870418474889	7.4985318671584906	7.5075134918861579	7.8873509199236054	8.4721342814244167	9.0195088950905529	12.357647526218756	12.304929338762193	12.055181872531833	11.895449710710366	15.217025658066603	15.714580636435144	16.192101050048869	17.682766744541993	18.380722093472762	18.381607360773891	18.322125105840136	18.191974165629048	18.240043158045466	18.906738663735645
24.375000000000000	7.8888140610321500	7.7105990549576546	7.1664375623310406	6.9393643958342466	4.6765391788471504	3.8383321026255004	4.7004822166317695	4.7006142363467092	4.2295113253755687	4.2362319814485687	4.3293709122762891	6.0648598577574830	5.5810322145573963	6.5685266455117102	6.9169257374467747	7.3095382794661248	7.0652372444982916	7.9659573960081360	8.3119903251389644	15.590683862516457	15.660796932080274	13.791581233145251	16.551330771767510	17.974300481984109	16.575761390287383	16.255043361368557	17.721560337251361	18.610615977640833
24.125000000000000	7.4121651945159641	5.5822310145965730	5.2550866430517402	4.8383873776880648	2.9683322333791011	3.0733184685804389	2.6031354826455981	3.1474516288343040	3.0834954402553763	4.1665010048984925	3.4345749052575059	4.3594162344642911	4.6493472906692688	4.4072697833234571	3.8132293177496450	4.2820967982878244	4.3099842765056025	4.2147538967225842	6.4546197625468409	9.3524316099537401	10.543160251301444	14.066702143896165	15.960973027115728	16.521720314764075	15.107618811153955	15.255843488959997	17.470912756329376	18.491058655873545
23.875000000000000	7.7242989471662469	5.9169238063669098	4.4962846925807014	4.0069110340423322	3.3268537251574912	2.2072286835864645	2.7306477954500963	2.2302260693030718	2.6945739338579102	2.8973385468880508	2.7113223971748823	3.2883519077066268	3.0179815779336110	2.9117098331207103	3.4178470292911811	3.9544587324465255	4.2821960094701552	3.9981893476648906	6.1512132987734560	9.5775134038879344	10.879315878768651	9.8557262427356278	11.061394715502431	12.760232304462349	14.385112324743687	12.498411560494489	15.628845696974764	17.021824414784398
23.625000000000000	6.5078009246469719	6.2762004572953884	7.1103571569488366	5.0909440784526367	3.6845081812540172	3.4654236142439743	2.6910481927042724	1.5331561143037788	1.7343930868258184	1.8886901739260225	2.0228833357766121	2.0334555353270929	2.2114817368178734	2.1981014319957239	2.7833352701724436	3.1544646877847100	3.9425127797877764	6.0789884372986478	9.0627051201233684	9.8995617842643213	9.9040570596421276	10.223986220799702	11.044889697458771	11.626354367544380	12.502051144095603	12.931006824685937	14.834789525073248	15.832513672616017
23.375000000000000	5.7582373771015085	5.9743105696783374	6.6384994562016288	6.4506499736496181	5.3665647578350359	3.2677949428914985	1.8816254059547504	1.7375540762154884	1.4187953507712621	1.4832249670224371	1.8284375874360705	1.7385126660365842	2.0702473252212030	2.3638964028042864	2.3775617587225213	3.4307290633426106	4.8157041168404362	6.8644830574241098	8.0933342061116917	8.2210692167585933	8.3213736386738617	9.2490101844672239	10.988622607596469	10.397821233344445	10.853199036807908	12.231135018782922	14.572029852434895	14.621442377743648
23.125000000000000	5.5062346994620839	6.1124929177599228	6.7375941933411809	6.0458445080633680	5.3818445218206961	2.9233245253539053	2.1095852651072278	1.6719811985684458	1.6112233127767013	1.6121027942587745	1.6400119027007918	1.7374739907935322	2.3515754251872778	2.4122667449609594	2.9204940354780007	3.3268698644455554	4.4102523833667675	5.1761522601907615	6.6513562110121427	6.8813781897854227	7.3713172227943318	8.2417828467859806	9.2273774010069474	9.8211504786990957	10.573551362366473	12.495139509484929	15.515141182272615	17.040474945070528
22.875000000000000	5.5405635899343650	6.2596130755974571	6.3444492651249504	5.2293243266673812	4.4157023987560677	3.2094494855214180	1.7946130044681894	1.6448137030175474	1.7649638078137286	1.4259058045301032	1.7109680643589940	1.8833176242557101	2.3629961284682821	2.9320837253320207	3.4651540317319132	3.7927057961697841	3.8708315106893423	4.4785969453848793	5.7232195533087946	7.3093321541766727	6.9912352222947760	8.5142927194917348	9.1539169339735764	10.553542870442840	13.192671867041966	16.378249661852145	17.182714704946783	17.958259065866841
22.625000000000000	7.0236577021552193	6.0495091820051812	5.4562014601411448	4.7167663674643734	3.3136143098701751	2.9326977990489524	2.4798673877278361	1.8100408783902253	1.8514660251761228	1.6147830861468719	1.8693729579217973	1.8490740427929069	2.1900027650779776	3.0277831037555529	3.3564837958028590	4.1975105613051795	5.6603218534794451	4.6523416994281774	5.2669867683929255	6.8756636371904705	7.3309140136966704	8.7573440373897000	9.8433235552901550	11.908755038992794	14.935707425693352	14.744935898924837	16.168126517406264	16.845424764208509
22.375000000000000	6.3518391909941272	5.5254316169934157	5.6136281145829230	4.2589049460385553	3.5990257355119013	3.0854151753568431	2.7340405542683328	2.2023799074263053	1.9433813211443720	2.0617872476062331	1.8631804853080354	2.2410947294863206	2.7703351329928694	3.6669604322949425	3.5535326155827818	5.7544073893766523	6.1395503132344800	5.8408138967142236	5.2476745563658937	8.6306873037454324	8.1646535900910919	8.9231072540091958	9.6698559805707021	12.830599834137516	15.241216052870953	16.952915407390151	17.163749209614309	16.806657610417695
22.125000000000000	6.5891298678290013	5.1640498070511285	4.5969272023393302	4.2060045882371355	3.5440519083830964	2.6371369484890579	2.5668319294077264	2.2944063844113316	1.8978129303967108	2.2512563305137405	2.5445635081461120	2.4561416907422426	2.8392292861369981	5.1828474169356724	6.0501895910866779	5.9512457349161849	7.0149496274395489	-1.0000000000000000	-1.0000000000000000	9.4064373962247885	8.6386872260842011	9.0498666763498790	11.761615200574795	12.763728599204114	15.982720136918019	18.750421764122791	18.689162202919263	18.656585384751864
21.875000000000000	6.1337931037423630	4.9118959689088655	4.9091259100718645	4.4241944468729741	3.2682497005866367	2.7834352139280725	2.9339889391002316	2.4504483597510074	2.6261197475239726	2.9304789157644393	2.8324504937699828	2.6975706735556173	5.0804758370585006	5.3826115925722036	5.5945516126662369	-1.0000000000000000	-1.0000000000000000	-1.0000000000000000	-1.0000000000000000	10.195256954617932	8.5079693875696449	9.1787222627462768	11.162844812982257	15.666815247726639	18.006061944597384	18.911684422435222	18.812385807929232	18.993694864045324
21.625000000000000	7.9168496081408222	6.2283404529519970	5.7386236487792388	-1.0000000000000000	4.1044989543251091	4.6224675716436110	3.9793513498495940	2.9551829858727956	2.7162510332355367	-1.0000000000000000	-1.0000000000000000	-1.0000000000000000	-1.0000000000000000	-1.0000000000000000	-1.0000000000000000	-1.0000000000000000	-1.0000000000000000	-1.0000000000000000	-1.0000000000000000	9.2192891211902435	9.9635254572937413	10.732432726963779	12.992462429517985	16.706203021063843	18.597496463709362	18.861724637684915	18.972357027126648	19.075874753662667
21.375000000000000	-1.0000000000000000	-1.0000000000000000	-1.0000000000000000	-1.0000000000000000	-1.0000000000000000	-1.0000000000000000	-1.0000000000000000	-1.0000000000000000	-1.0000000000000000	-1.0000000000000000	-1.0000000000000000	-1.0000000000000000	-1.0000000000000000	-1.0000000000000000	-1.0000000000000000	-1.0000000000000000	-1.0000000000000000	-1.0000000000000000	-1.0000000000000000	-1.0000000000000000	10.540266337377204	11.349743119782175	14.274234394751772	16.342981385964741	17.776950695146027	18.745675715731686	18.834868224145971	19.049259443004722
21.125000000000000	-1.0000000000000000	-1.0000000000000000	-1.0000000000000000	-1.0000000000000000	-1.0000000000000000	-1.0000000000000000	-1.0000000000000000	-1.0000000000000000	-1.0000000000000000	-1.0000000000000000	-1.0000000000000000	-1.0000000000000000	-1.0000000000000000	-1.0000000000000000	-1.0000000000000000	-1.0000000000000000	-1.0000000000000000	-1.0000000000000000	-1.0000000000000000	-1.0000000000000000	13.767718912027149	14.764769669131269	15.949961462845870	15.950014572495874	16.503230219140605	15.707457539061039	17.229117445621782	19.149766172222073
20.875000000000000	-1.0000000000000000	-1.0000000000000000	-1.0000000000000000	-1.0000000000000000	-1.0000000000000000	-1.0000000000000000	-1.0000000000000000	-1.0000000000000000	-1.0000000000000000	-1.0000000000000000	-1.0000000000000000	-1.0000000000000000	-1.0000000000000000	-1.0000000000000000	-1.0000000000000000	-1.0000000000000000	-1.0000000000000000	-1.0000000000000000	-1.0000000000000000	-1.0000000000000000	-1.0000000000000000	16.974925677585404	17.446587129695970	17.262946652278018	16.175240763801838	15.638940057093720	16.587315575827994	18.735823397563195
20.625000000000000	-1.0000000000000000	-1.0000000000000000	-1.0000000000000000	-1.0000000000000000	-1.0000000000000000	-1.0000000000000000	-1.0000000000000000	-1.0000000000000000	-1.0000000000000000	-1.0000000000000000	-1.0000000000000000	-1.0000000000000000	-1.0000000000000000	-1.0000000000000000	-1.0000000000000000	-1.0000000000000000	-1.0000000000000000	-1.0000000000000000	-1.0000000000000000	-1.0000000000000000	-1.0000000000000000	17.260265360752129	18.045660424608627	17.533684459851784	16.439427076559070	16.581859807189602	15.984378555102410	16.980049482250777
20.375000000000000	-1.0000000000000000	-1.0000000000000000	-1.0000000000000000	-1.0000000000000000	-1.0000000000000000	-1.0000000000000000	-1.0000000000000000	-1.0000000000000000	-1.0000000000000000	-1.0000000000000000	-1.0000000000000000	-1.0000000000000000	-1.0000000000000000	-1.0000000000000000	-1.0000000000000000	-1.0000000000000000	-1.0000000000000000	-1.0000000000000000	-1.0000000000000000	-1.0000000000000000	-1.0000000000000000	-1.0000000000000000	17.642999268277691	16.989833542652640	16.663508782332954	16.302635459941754	15.914191197560264	16.170921751092521
20.125000000000000	-1.0000000000000000	-1.0000000000000000	-1.0000000000000000	-1.0000000000000000	-1.0000000000000000	-1.0000000000000000	-1.0000000000000000	-1.0000000000000000	-1.0000000000000000	-1.0000000000000000	-1.0000000000000000	-1.0000000000000000	-1.0000000000000000	-1.0000000000000000	-1.0000000000000000	-1.0000000000000000	-1.0000000000000000	-1.0000000000000000	-1.0000000000000000	-1.0000000000000000	-1.0000000000000000	-1.0000000000000000	-1.0000000000000000	18.295859966262007	17.936703615608387	16.373192507731773	16.707467011932557	15.374595853641694
cpt:C=3, cpt:clim_prob=0.33333333333299997
	87.125000000000000	87.375000000000000	87.625000000000000	87.875000000000000	88.125000000000000	88.375000000000000	88.625000000000000	88.875000000000000	89.125000000000000	89.375000000000000	89.625000000000000	89.875000000000000	90.125000000000000	90.375000000000000	90.625000000000000	90.875000000000000	91.125000000000000	91.375000000000000	91.625000000000000	91.875000000000000	92.125000000000000	92.375000000000000	92.625000000000000	92.875000000000000	93.125000000000000	93.375000000000000	93.625000000000000	93.875000000000000
27.875000000000000	35.882862188133409	40.959195223919188	34.392201738403308	30.787453550169953	38.648364699229077	44.631016702718554	51.409431672628301	45.756357536057706	50.101998187868624	54.747271274585721	52.414025205806666	51.427991705990706	55.940909210718139	59.912054102800298	50.416663060218411	50.102585222208972	49.053509285300571	63.796038508739628	73.007277634321625	67.656965471772821	71.321181724764642	64.377919163474516	63.785014673817997	55.762527878715730	51.164054909298564	42.908819509981569	45.850588475833121	52.400180339856981
27.625000000000000	40.410794744740798	44.037087389422283	45.839351138749912	38.281413275353721	41.952203882146328	44.733031246971997	44.667608253792565	44.596039031637979	47.788084049245874	46.342835826120101	54.000744970295422	47.304952848522262	45.762314668734753	49.167131302378955	50.405279158901870	53.481174477905967	52.873113148692454	62.187353878494690	65.619747613183705	72.702899745743608	70.542984203284391	66.662976642993172	60.307177327342984	56.910992310560694	55.495555399279660	47.632873218383850	55.316951867485372	44.442777458729289
27.375000000000000	43.014532569037264	47.133003188281933	43.687182481292801	37.910518055416127	42.858297275073149	46.311780932538973	41.468267275649787	44.900995004210820	50.091527757438278	50.411759288199967	46.993425331260205	41.706941302510764	43.233852338508477	42.181474609639167	45.032035986821498	47.523340860052109	60.638166450115392	56.652343009983120	57.769999392569346	59.535400026359952	50.559908787369388	46.909784124039717	45.541734129029948	47.233434191134712	44.150875156180284	42.697661675828044	45.639614467834519	32.753008921050515
27.125000000000000	49.341805580579098	48.426938071921640	44.864544904041516	46.017628326063608	37.454078313495067	39.523806197109714	43.880376156804630	43.504687983420816	44.195726763256651	45.845477577255082	42.487744113887679	39.517298239961605	57.685444624375968	56.319960045747841	46.724298415777668	43.395078210817026	46.767171516403792	52.717357273543101	52.705837466006230	53.292905148407890	52.040460426896871	47.936518887769843	40.322209630222211	44.381187037639300	42.419824722273972	43.536106964137581	39.075452914671665	32.907184574128074
26.875000000000000	47.110970886887685	49.579200425125187	51.775859735856059	41.998103682404455	35.224591256243691	36.715603400168469	37.273613750181823	39.023576636545251	43.018486328501623	37.689279794844175	41.663564507962136	54.670754720153589	61.506735771525655	61.918414852929970	54.105995638720870	44.086703661511706	37.000365381593490	43.201974535099993	41.679765402970155	44.926123702231187	45.190630823542413	40.479952427174666	37.046350986158309	38.502209599197265	40.284432159988953	39.358484383763511	34.220411584606730	30.515919267491970
26.625000000000000	45.775310566698515	46.784928194452256	45.356706286908448	41.823839702179590	44.401145344000490	43.389563141788905	40.491508024824675	41.292226111602488	39.569403714749022	43.998503203876680	49.133099083045330	58.925572658822325	65.033151961309514	55.374585932229692	51.229276892301890	46.484672511694200	36.400215001058314	40.091673538919878	44.534425120369690	48.878518397354483	39.253757636196276	34.120033849589461	34.490227078983253	38.129966246691168	46.361598281291407	39.569914608942099	32.213614218318035	27.033792310798212
26.375000000000000	50.047674581599857	49.252472031647443	48.999308865584737	41.866992185650204	36.546534242051102	48.204225761538936	45.584595922791280	42.584113406864958	42.229122539634837	43.782947877338188	47.425200355348032	59.784060237110801	61.047273082501377	61.354602174758277	54.017569764923770	52.329255335559800	49.168201622321085	59.004736048117323	56.202062284806622	62.024941264479196	44.580341215440328	32.174058203684872	32.816109110084881	37.432128054977227	47.644006332961858	43.337738189844899	38.743485499421851	29.749983304444665
26.125000000000000	48.377225909892168	49.765544170675618	47.660100909417515	43.696497516206627	35.724539432279755	45.066484400157591	42.054836725015520	43.401576734138665	43.378602898621864	39.050064148894272	44.506671331735340	57.778593239770593	66.658986357838188	65.406435414865527	64.426358369714237	62.412483413978734	58.107064419960921	56.191984529548101	60.905825316157312	61.559777829633376	48.287442710366903	38.592411764005085	39.228707955622042	45.763217910862323	39.723855844434091	48.131331996239588	45.715678260388614	36.662212961384419
25.875000000000000	52.856246089311078	47.908270667002299	47.611881532558911	49.150220998604681	50.562663089035340	49.528780531994975	51.588475493184973	51.295446294638047	54.113095428529988	54.236880588294014	55.130184615101797	56.380421962448082	64.430984609356557	71.638625305227421	65.628605565579676	55.509123702614026	52.083376497071889	54.242801093433911	47.119759447493827	52.599113282834232	53.226753417380792	43.453717081362228	45.662638512168854	47.069764081923800	48.589910474095433	47.109719803361756	46.962414486149434	39.106706516443261
25.625000000000000	61.617080808726833	56.947434526208262	54.572189123894901	55.912370386348165	58.476849482171112	61.498233045321356	63.230664515191179	62.306732144885338	62.695101949469723	61.859913046001161	60.139361135623183	64.812588412749108	63.584789027548453	63.196837983136042	58.401071213614173	47.823519052695914	42.522176867765339	54.427441583171976	45.545541367417577	52.399317278871663	55.059114609193173	57.547722855967528	53.393431787194167	50.916424893949227	51.185526092071186	43.955039946718280	39.375026728057946	40.910246481164073
25.375000000000000	61.587447899138283	60.817553755871771	65.626092355153389	67.142890432236470	69.276600830730843	67.703695882886251	62.027438843828975	65.048932374659003	70.560500906959462	67.740015737793996	66.801682651349026	63.222376111519132	59.824585431551327	58.742401561138195	52.851193375756345	48.769556287822709	41.020143118349438	44.006397366249026	46.812636727289537	50.951180593627953	52.992196295663632	52.066048885743733	56.030354011245585	52.122613809540262	49.873364147998053	42.708998294396842	44.496744190057989	40.597334058991969
25.125000000000000	60.411499584534198	67.081357881736253	68.902482862731148	71.329571349973975	75.475490112567257	73.205543013263835	68.827893965773342	68.487035467887793	73.236976989411914	77.079455090277719	79.273012834221120	73.266131426437923	66.270522529576823	60.270534389120591	56.648883350052003	51.598763870777688	48.770483827114745	50.488300672855168	48.964623446097299	51.080764014644210	50.871854138911758	52.175774792355433	51.602644341385925	48.377653425344484	47.474782517466515	43.403148652930106	48.322720228402638	47.687231234739166
24.875000000000000	72.467080548955835	71.580578270506152	72.526135197505724	77.261470044897081	81.869429470369525	81.332213929278382	82.409883123127116	81.522785939449349	83.810275743579197	82.722208782901347	82.719528115724074	80.229543968017808	77.972106874381268	74.612180450494137	64.745635493922322	54.088391953785965	52.981188435624041	58.384822328351341	56.487702410185662	58.469095076966340	56.055744417174303	54.626727200816696	55.675895944246548	54.138058363500228	45.177360643513907	46.869503372073915	49.486686859077658	46.631112183903959
24.625000000000000	81.051171319633781	86.972817826801077	85.358487850177696	83.464971519717906	87.457119091545067	90.074160745134407	88.525394601903642	87.002684064802466	88.808595695269872	87.760871459007063	87.627591899841875	86.649694447652934	85.289204474163810	83.933932924176375	75.711405130082738	75.010614647888204	75.069829538957222	75.679214970222304	65.398545370965564	63.511357968097940	63.311929916873346	55.772099833159530	47.290302248563798	44.257508906515994	45.224183598590187	50.788049110303547	50.667951884058880	44.986983644131826
24.375000000000000	86.656982524669289	87.119990465777320	88.290442027736589	88.850848813631771	93.030588234621234	94.493640701111417	93.020305695733185	93.053409968929245	93.808062536505716	93.683644155072869	93.514017593296245	90.285121923126141	90.967367147294809	89.111188239600210	88.403407382167217	87.061638714484488	87.538157544908231	85.798987007356018	85.332352896488999	66.285957490728535	65.479609178219334	72.169445521645343	61.602165763460803	50.628534534857131	61.150245714162963	62.425181447611358	53.836461292090632	47.760078311945989
24.125000000000000	87.376463342506909	90.936494865759215	91.577808894719354	92.565322305156727	95.762760438782919	95.740285338011617	96.405395061514341	95.558335663366847	95.576234633749110	93.805048371230768	94.968964530485891	93.288085895784633	92.654063817420791	93.034479918043573	94.061735646913661	93.195163097823539	93.123552093981147	93.388308288531661	89.145173881640460	82.757954580496460	80.451329857415217	71.134677511862421	63.122824184963818	60.864179735264521	66.968850477337000	66.245864661473547	56.037506748589628	50.869731018815955
23.875000000000000	86.625317980266047	90.389076144891831	92.912180506671660	93.943391131568887	95.252623728059248	97.000279252788602	96.098918467203760	96.896751615312354	96.186267608092876	95.867147708694006	96.114839839913373	95.095867884117979	95.509577048903381	95.659179625732051	94.818826207245124	93.846476017974965	93.236152754896708	93.814733199992915	89.536853385509517	81.747018468656776	78.758559338592406	81.794071512043672	79.084335273101757	74.233985292535635	69.702655155836752	75.355860225728435	65.971326863425887	59.756109437543124
23.625000000000000	88.875908927710356	89.765319635695050	88.044698333869121	92.060004290475305	94.631197367376046	94.931270398659080	96.166312794379976	97.916767126579714	97.601527218165216	97.348848984447628	97.122810570609772	97.107209230134899	96.819527246689205	96.842003033997926	95.933014695729113	95.203810785874936	93.763316300592336	89.571531065456071	82.949189715778644	81.121911110484461	81.701911941413954	80.757792033899591	78.595183517615723	77.111435610279543	74.696666592892825	73.604185903103541	68.431711050912838	65.095948862055323
23.375000000000000	90.489458497624170	90.286901719598362	88.924144962202561	89.402261158724855	91.614015336321515	95.280635868502685	97.418159213873750	97.570374405444525	98.028849455100087	97.943188500956580	97.384450512941228	97.588629103415443	97.091658531990433	96.592985646409076	96.570016207963562	94.664879270663391	92.094911904176939	88.031826886817583	85.433381162129521	85.258442883818518	85.276423262139446	82.950983540387696	78.432085153237168	80.099618523423516	79.229104277923938	75.518024792351568	69.126971845470251	68.488091526367896
23.125000000000000	90.894159415375384	89.876213458696526	88.568731941901305	90.104709606404356	91.247443446243295	95.721103048189136	97.004773975906772	97.657361887875837	97.701834320454140	97.711052277963134	97.691224136694601	97.568487128463744	96.547942863430336	96.465277244691876	95.644143745320278	94.924381500127524	93.045694146668339	91.621187236802996	88.434693690646242	87.931093121269200	87.081767164139251	85.026587790178695	82.825077827524211	81.540466195169458	79.810014383980004	74.801217590151609	65.193935400182525	60.029803608091981
22.875000000000000	90.746713824546845	89.377132739719514	89.337394025140895	91.565037829838118	93.200492657204833	95.177544216707560	97.459743707267265	97.683814907966863	97.480667653470832	98.017614345370490	97.589996760413456	97.359318001913792	96.577945103270594	95.612554341243779	94.710352396643032	94.146639509445933	94.100198706553357	92.921852323747203	90.445969882346233	87.072391331440414	87.578746113814859	84.221120470213521	82.976103798043511	79.490078706059890	72.016751706192082	60.252766720537686	57.805208327599921	54.531568463677601
22.625000000000000	87.913450179019492	89.917015076541631	91.114058177439048	92.634073656931122	95.060532303331982	95.678536840148382	96.338600173896097	97.425963690876713	97.372563008362306	97.762219573735877	97.391912563711884	97.400814121554362	96.807045120591681	95.372692626577134	94.876027561208744	93.391021125040680	90.686077190338835	92.678850104646656	91.331734239535436	87.914398285739125	86.866178939835905	83.595144175922712	81.299676511650986	75.913467359794495	66.507991922507443	67.589218198787165	62.686605983389441	60.307318716968830
22.375000000000000	89.357568677451397	90.917540600217777	90.763019033260704	93.299735786526625	94.561386873383981	95.435107011691798	95.897307103167662	96.762738092729066	97.171728342876420	97.057705898541272	97.418328217675324	96.741087199764991	95.766789519540822	94.420693323065180	94.648776491430070	90.499311848729761	89.795384867325126	90.407243958470019	91.572544886041626	84.202254564216119	84.981223567513851	83.284399641824777	81.911346414913524	73.612179674284221	66.042902732678996	58.708138587867339	58.333100762914910	59.928616104846377
22.125000000000000	88.786137890953427	91.560336883503254	92.693065590600753	93.329310685927254	94.566102182757575	96.037730711300767	96.122659589592033	96.608080275033018	97.263404130714918	96.719695808481788	96.265393873429588	96.361011080810627	95.786719344478712	91.669609506753176	90.057186702295255	90.291751992656984	88.104956703387643	-1.0000000000000000	-1.0000000000000000	82.283124940239702	84.090111206313665	83.380422973078737	77.085611906632494	73.980867846178128	62.301824516036433	45.601972565886442	48.216745698814151	50.008611923951975
21.875000000000000	89.867014854526147	92.014829077836140	91.969987758120126	92.953673094306950	94.992488090785059	95.768811485915805	95.473476712259242	96.392526078068940	96.112225566720923	95.548703678211851	95.706558900093242	95.978989355317978	91.587359409392064	90.957517265635573	90.837327023273801	-1.0000000000000000	-1.0000000000000000	-1.0000000000000000	-1.0000000000000000	80.751271764717174	84.561366618144518	82.750076976387859	78.138646863928003	63.849667945262148	50.973677939381169	40.390240104519684	44.957127485650375	44.475718557208594
21.625000000000000	86.100601836610011	89.471724135468733	90.552712612808179	-1.0000000000000000	93.527486853996848	92.460027606906095	93.708565988261313	95.544091011345103	95.935557029414127	-1.0000000000000000	-1.0000000000000000	-1.0000000000000000	-1.0000000000000000	-1.0000000000000000	-1.0000000000000000	-1.0000000000000000	-1.0000000000000000	-1.0000000000000000	-1.0000000000000000	83.204778752051055	80.769291966454887	78.450083269248069	72.314852770712790	59.544896841560259	48.260028516675476	43.197653797044183	39.982542017981174	39.274679614841915
21.375000000000000	-1.0000000000000000	-1.0000000000000000	-1.0000000000000000	-1.0000000000000000	-1.0000000000000000	-1.0000000000000000	-1.0000000000000000	-1.0000000000000000	-1.0000000000000000	-1.0000000000000000	-1.0000000000000000	-1.0000000000000000	-1.0000000000000000	-1.0000000000000000	-1.0000000000000000	-1.0000000000000000	-1.0000000000000000	-1.0000000000000000	-1.0000000000000000	-1.0000000000000000	79.102143837735198	76.845441206839354	68.753045290652494	61.082445085289415	54.050721907402291	47.162908078554587	47.002450610168516	40.805863242352345
21.125000000000000	-1.0000000000000000	-1.0000000000000000	-1.0000000000000000	-1.0000000000000000	-1.0000000000000000	-1.0000000000000000	-1.0000000000000000	-1.0000000000000000	-1.0000000000000000	-1.0000000000000000	-1.0000000000000000	-1.0000000000000000	-1.0000000000000000	-1.0000000000000000	-1.0000000000000000	-1.0000000000000000	-1.0000000000000000	-1.0000000000000000	-1.0000000000000000	-1.0000000000000000	70.605717416994878	67.738692525793283	63.311334739313672	62.752751314633073	59.998814930536511	63.859501825435203	57.883543460166777	42.912781938240094
20.875000000000000	-1.0000000000000000	-1.0000000000000000	-1.0000000000000000	-1.0000000000000000	-1.0000000000000000	-1.0000000000000000	-1.0000000000000000	-1.0000000000000000	-1.0000000000000000	-1.0000000000000000	-1.0000000000000000	-1.0000000000000000	-1.0000000000000000	-1.0000000000000000	-1.0000000000000000	-1.0000000000000000	-1.0000000000000000	-1.0000000000000000	-1.0000000000000000	-1.0000000000000000	-1.0000000000000000	58.723639095012771	56.242855177507337	57.223214012944467	61.730013071041199	64.055912796165714	60.479363057719191	48.129016572425201
20.625000000000000	-1.0000000000000000	-1.0000000000000000	-1.0000000000000000	-1.0000000000000000	-1.0000000000000000	-1.0000000000000000	-1.0000000000000000	-1.0000000000000000	-1.0000000000000000	-1.0000000000000000	-1.0000000000000000	-1.0000000000000000	-1.0000000000000000	-1.0000000000000000	-1.0000000000000000	-1.0000000000000000	-1.0000000000000000	-1.0000000000000000	-1.0000000000000000	-1.0000000000000000	-1.0000000000000000	56.923084927904611	52.472892503409739	54.543925872410981	60.579559616720147	60.446496939008910	63.119220698099099	58.603210566971754
20.375000000000000	-1.0000000000000000	-1.0000000000000000	-1.0000000000000000	-1.0000000000000000	-1.0000000000000000	-1.0000000000000000	-1.0000000000000000	-1.0000000000000000	-1.0000000000000000	-1.0000000000000000	-1.0000000000000000	-1.0000000000000000	-1.0000000000000000	-1.0000000000000000	-1.0000000000000000	-1.0000000000000000	-1.0000000000000000	-1.0000000000000000	-1.0000000000000000	-1.0000000000000000	-1.0000000000000000	-1.0000000000000000	54.078027881689152	57.682220033500307	59.998394468363614	61.439307838063286	63.661012840806272	61.880269778209950
20.125000000000000	-1.0000000000000000	-1.0000000000000000	-1.0000000000000000	-1.0000000000000000	-1.0000000000000000	-1.0000000000000000	-1.0000000000000000	-1.0000000000000000	-1.0000000000000000	-1.0000000000000000	-1.0000000000000000	-1.0000000000000000	-1.0000000000000000	-1.0000000000000000	-1.0000000000000000	-1.0000000000000000	-1.0000000000000000	-1.0000000000000000	-1.0000000000000000	-1.0000000000000000	-1.0000000000000000	-1.0000000000000000	-1.0000000000000000	51.730868645770833	54.581500825498829	62.211139884512349	60.378170617165217	65.043743325939630
