xmlns:cpt=http://iri.columbia.edu/CPT/v10/
cpt:ncats=3
cpt:field=prcp, cpt:C=1, cpt:clim_prob=0.33333333333300003, cpt:T=2019-06/09, cpt:nrow=32, cpt:ncol=28, cpt:row=Y, cpt:col=X, cpt:units=probability (%), cpt:missing=-1.0000000000000000              
	87.125000000000000	87.375000000000000	87.625000000000000	87.875000000000000	88.125000000000000	88.375000000000000	88.625000000000000	88.875000000000000	89.125000000000000	89.375000000000000	89.625000000000000	89.875000000000000	90.125000000000000	90.375000000000000	90.625000000000000	90.875000000000000	91.125000000000000	91.375000000000000	91.625000000000000	91.875000000000000	92.125000000000000	92.375000000000000	92.625000000000000	92.875000000000000	93.125000000000000	93.375000000000000	93.625000000000000	93.875000000000000
27.875000000000000	55.439621456438076	55.127726660253217	56.317258787685319	63.415118473582517	58.993464280195006	51.607213595605501	51.776089073381179	51.728557212743659	48.261527871999618	44.491451813867286	40.869404813799129	40.776939767270967	37.041957002518885	44.337197090120497	43.890521801558592	44.999802900849872	39.850771665414911	42.624679844676670	41.397340053835997	42.851604425775889	48.885615480516087	46.587309610004645	49.496310147452171	51.607662566957849	51.502851400579125	52.904228120238493	57.578737722272280	55.156076001057095
27.625000000000000	54.268793768607850	55.183158885681998	54.067378863700355	60.259150367249163	60.526127160648194	57.263020680916895	51.757238482992285	50.436372167220320	43.672899965355441	41.984564285470796	45.303099664899534	40.373893689243111	40.103216101755812	43.085189905727539	41.496665499167726	37.204784292486877	45.547687229264696	41.643467108151690	43.479689764939380	47.448737130222376	58.610596020706545	54.010812169075763	52.488799780426589	54.510898358288486	51.821626772171030	57.969697249461895	56.990442553412471	52.973997448168539
27.375000000000000	53.652740334082935	55.185723416185006	56.408460449556905	56.900982316294872	58.444450637103138	54.816476219583784	45.784663310670894	47.721709375900303	49.535427111987531	47.907835373501854	50.722016713776320	49.395870959000753	47.837128348541199	55.889791605294661	48.658816112073232	44.092681066536763	49.122008858827691	56.272981842786109	54.298320683102752	63.775535324706453	67.491441549139566	66.246877705372100	66.583513798507568	65.576474182361778	61.292892328218862	58.720285316942110	59.781468112135052	56.934091675081156
27.125000000000000	55.221524130027191	56.501601225445732	57.306993797897924	56.007477758394870	54.551001523532129	52.607594550034648	54.178547847072529	53.340256435607344	56.535127335251985	51.956777936932532	52.581957570516259	55.119294002448086	58.374568435958963	62.852228458836336	64.258194771891084	64.234241872840414	65.204217052528705	68.356827015187307	67.123425475107368	71.680372691461741	77.544868461564093	77.253673744421320	74.389871477967148	73.682087128892462	73.357650074085328	70.893061637644109	62.524395993611066	68.691143849876511
26.875000000000000	53.277998820165365	57.743413301865850	56.589655546358742	56.277219399394362	57.768920670077236	58.738396910816540	61.131491998499179	56.407421695036255	54.595815342555710	55.985671274579040	57.111702865684933	55.864038199655482	57.555836897687549	56.700250944856997	63.916658399104236	66.508236433087404	71.375811462743570	72.594064641224591	75.062904887348367	80.021284557561245	80.253188591831744	81.618436436582911	81.110592071198511	78.124826682221581	77.154841564752431	71.249274918636587	66.086161538538988	69.476584069095267
26.625000000000000	56.974690056155133	62.518392712384305	59.924559824288906	59.755293346750150	60.184783910568619	59.650678662251941	59.216287528255158	60.090605408075263	59.521125888758100	56.988519871191095	55.723815574630500	52.763558211280845	57.022278841392968	62.577996842224302	65.489359577974852	64.422496065287532	68.111222056402767	71.783434079969751	75.699667925177081	74.870868956690131	77.199351683894463	81.979330373356021	79.235718470599892	78.859222516568934	77.832563566505257	73.174073778041745	73.905920093246380	72.147993034257453
26.375000000000000	57.953156306375526	59.185263480331258	61.732790890464436	63.166977015774961	63.293783494502890	60.518277432875600	58.635447036205179	59.329829948897043	60.188562584195154	59.889830466411205	60.228407703670825	54.872086402157819	54.181634321563479	56.083022608257352	61.489531471826709	63.545517779388270	67.360583443323677	71.301019295708485	74.735879570483320	77.019763986971810	80.250283511371819	82.166838291318953	82.807184302298097	79.936416542698595	77.734859476218531	76.633150713083182	76.011395376074660	77.468698198716609
26.125000000000000	58.245950390957127	62.615187501407284	59.091800328915355	57.697524354862573	62.302200219028528	62.940636667430269	59.529680147841553	59.780503023389997	59.081116415954760	58.856270103531635	55.856747296162560	51.875963364853931	56.502639123711162	55.513540624822092	58.240397154789910	59.884780495000356	66.095993549556482	66.738638368696741	66.459509848310205	72.389298843119761	83.235624817477685	83.695026384775574	81.140949211633725	76.856723937619279	78.517765083432067	82.006284528944718	82.520622712826963	81.203176433609030
25.875000000000000	56.501605574405112	58.572538736781013	58.982609950558214	62.246895000344047	62.999356282564740	62.292229486135433	56.220684168036819	55.890708673099596	55.166523947941499	54.187616882874536	55.149516535496396	50.331369670026923	48.307389430973124	47.247094025195601	53.346257919116589	62.888552936163968	62.862030958833131	63.082849310970126	70.818777194609638	73.223023091399085	78.978070518248600	82.645997838641748	77.140900086191294	75.063396995478001	74.197420690689327	77.677901845827137	79.888258766417749	81.410850097934912
25.625000000000000	52.176191400228419	55.472189913969125	58.904632379726017	60.470341003913347	59.621847805230630	57.739230983405108	52.963122004785220	52.584012073109356	50.294114284608362	49.596860663803845	50.680795918973175	48.317410000030222	48.999314829813031	49.737046629458568	56.535141718978274	67.231331036236952	67.579334225175927	65.253776151724622	61.556802969361634	59.936713112957882	72.896506185708176	68.382877013180874	69.220562615320119	73.268928427859748	73.930640018637320	79.392352958306503	81.723543608783487	82.760988341064277
25.375000000000000	51.423923694247613	57.183098799195520	58.558788652780855	56.617218924534633	53.321229149537750	51.821519246901403	54.133815459887792	49.602812988813540	48.377687302195113	46.178046621795019	43.512965642750515	44.280443572370288	55.640661288874121	59.635242877998806	64.140482555099624	66.495801829140817	66.080850648575421	68.467221456347602	65.944354719402440	62.480093640233164	55.348181018366539	60.451976934969551	62.624677162584327	65.535358907561161	79.160602899669428	78.093724565944200	80.860736154784021	82.535371214598172
25.125000000000000	49.876429088123309	49.901688339016147	52.849739469543564	53.604710856922239	48.391839456451095	47.157088236221988	49.307780278261369	48.134780213951785	44.724001952352367	41.980467530436336	42.648221195554513	43.651899176378237	55.492133725032573	63.890539502321978	68.145161299830463	65.935197254923850	69.626921165208671	69.675592532804771	68.156967181510112	63.998667714143103	61.648523493373979	62.589174523939377	67.283203340042704	69.160420396789036	73.628004245496328	76.818805504331735	78.363312868454770	77.349828350982563
24.875000000000000	39.196661540997667	45.496741237580828	49.182135007253414	49.039814247184033	44.988609394634182	41.818832158323524	40.306927309761221	37.792474899887750	39.829076442927771	41.700878686542353	42.723499780940053	42.514618964989928	48.048071013503261	51.521512344717607	58.797001979487305	66.033559251291393	65.964557296537009	64.528438533633917	58.645852624533070	57.609833930498262	61.583376656085967	63.608356740514246	68.122321246889953	70.853797055644947	70.365704490044806	72.162584796337725	72.958125162397351	73.616151333249150
24.625000000000000	32.493384450474110	34.987996984030119	36.195267047781776	35.758222558933170	34.370857053701911	33.554617739724904	34.844317967904772	36.571104253836495	35.436688587248327	34.803238756429238	38.178714795158577	41.160780625280836	38.878501066783791	41.911300973290324	47.416564975804299	46.265085457725604	51.859767762544308	55.009239994026046	59.741955505461505	52.322874259140541	57.218111838380707	61.740355188857301	69.506415144166724	71.270389507102237	69.834878765308275	68.232377261101433	72.434910455244960	70.544881331000340
24.375000000000000	28.210418176843092	29.316279397043317	32.070007972973187	30.658867373769056	28.805656872278334	29.858574845356927	31.156253438174474	32.758888943362280	31.071028205110366	32.313908777944334	33.638505853499964	32.750593470037302	32.200185899860770	34.934939953559450	35.081755866213697	40.946163012428812	45.349278073147694	50.081056041000544	45.640579667668121	53.111478953107920	56.623934320085056	56.691784475970501	61.673525041095566	63.717961777163730	62.112117887401297	61.316016148396116	73.104171880572991	71.051644863690413
24.125000000000000	23.284285207935099	22.309755705543537	27.079062767581831	25.613020021855547	20.890515396959970	26.631248806777648	26.767511119253442	29.006667621668413	30.178570104965445	30.155223741241116	22.161587265353532	26.993646591117908	32.374101713840943	30.451150235186788	31.454900226708716	35.069173178019881	41.723133221735395	42.093059167883276	42.673474372278150	45.657502205678703	47.036333729372906	52.505680510689587	58.045656493358514	54.783575160376088	52.346147795992529	57.581351305553511	73.209876073644352	65.085615214617590
23.875000000000000	20.237965755857999	18.761202885182428	18.564116526334701	20.345780101534316	24.778897622473252	22.590906421731603	22.337330813994470	22.101231843539551	24.133401716063233	26.866515598344350	20.961587074855728	22.301859096459765	26.049648232961061	28.860302997707578	29.348808218449634	33.802247197703821	36.028275315949678	39.052878266547332	43.273067978163063	43.157596987395095	47.122119070159819	41.818015738357751	43.660497719779734	43.211857889631780	47.392786816213793	50.328658094212301	60.155857308997298	60.422926856522508
23.625000000000000	19.046401899857045	17.875067893051792	18.865876732927816	23.405281399117399	24.037425197457594	21.960621677646316	19.961214839965535	17.704845524037481	16.775750491297103	18.512851085381428	21.221079322666753	20.459864603815021	26.539846758842245	27.431107571629525	29.344960922155323	31.657200484253778	35.095156731913974	39.644348318672662	38.975797773896325	45.161288850769310	42.707139287190813	34.632736833128817	36.500073247500019	36.551100639120257	45.169613304455211	53.168354081401787	57.914000078212915	53.954644627102880
23.375000000000000	17.119364150036702	16.777495781897656	19.916601116140512	21.407378717089770	19.255947052169859	19.880766927016154	17.062909155333244	15.357970923327940	14.142316353455897	15.666907919306993	17.326260700516457	20.372443854528314	24.820485666667608	24.460662289865013	25.495463882174036	28.206114411315525	36.141312741263775	39.381168432544420	40.919524398632412	36.208947395251698	31.770602101479469	36.344375100148540	34.218561707890032	38.268124576497165	44.278748277305354	50.631843878022160	52.474013787731735	44.151774862850978
23.125000000000000	16.800776201523874	16.379726196630969	16.988291555548301	16.879371954434049	15.212167887912742	13.915821115918519	11.854511864917569	13.813337203869864	14.326860533879440	16.826178772111561	16.222699633670842	20.943077413736731	26.460708300023171	26.466017508525226	27.869446986954500	29.490186335281408	32.793642897660774	30.434044143384398	35.589935106255837	31.605319527571524	31.055750156609335	32.073394214544777	36.509123994637186	40.510012760417460	46.652025267987582	51.242612815300099	46.687265087346574	48.003908952904453
22.875000000000000	11.914744563331638	12.298804295818798	12.169446373576605	13.377240786651328	15.553135802317513	11.990009051972834	11.715505993482978	14.826032674978222	14.866655383210372	14.457410819273647	15.302849802871606	18.740028878888353	24.333639553462945	25.901795966472420	29.051724006018787	28.663757555873559	26.728211334725245	25.045184066891693	32.110865548545092	30.922431297292334	30.853453370086001	38.190931447610296	41.270946912030638	46.708169174246585	51.861357753713051	54.781475705420576	53.581870360588489	40.097945571011010
22.625000000000000	11.656117251671773	10.922961782119671	10.881363049161834	11.835490637744314	11.598476622792703	11.037031109730918	12.895602600363659	15.478994215849212	15.729030293279365	13.605889860976617	15.798518444546531	16.818267810502746	22.466407604000636	26.265914040837245	28.528832748782790	26.265931620773344	24.886374005081507	26.142295489634179	31.809206400862152	30.632552292002174	34.953136136841081	40.077803949607905	43.361449837978142	43.557503574431308	54.438113441549213	57.825239489182934	54.333946744157878	43.093310308405904
22.375000000000000	12.117977468361389	12.228666272975460	9.9357843169808291	9.6886072495167923	9.5191864340085175	10.234813181685624	11.862384615579202	12.619666274006832	13.152778660179663	13.755501079770880	16.497753932439565	21.185196371859178	23.540541546262062	24.758955500912762	26.328063121063977	23.275744359988749	26.460282370720194	28.538213487540560	28.633945331610747	37.560772075649453	38.424146509270827	37.533255166925137	39.277718487473479	45.763205995113609	50.713471703339835	55.886905001395604	44.968512545150716	46.759475587483500
22.125000000000000	11.763295075380015	11.010740167558794	8.6197879779961681	8.9448434691313423	10.001120454779610	12.116164778914637	11.682935164955083	13.174731073637489	11.487297369386596	13.733704921918246	16.451876818749000	18.695470163734640	20.884067878293209	24.753942419287966	26.057632526778988	22.682673408737344	23.754582983835661	-1.0000000000000000	-1.0000000000000000	33.390248251226012	35.831260869525678	40.360802686056154	38.403612420223340	45.940337347634966	55.690737407655853	61.239503373942469	51.976874365754611	45.619494290649264
21.875000000000000	11.972193883459610	9.2681283664106076	8.3736358982436343	8.4537219193760649	10.078655257784547	10.398750694534854	11.513918718309711	12.798688817921985	12.796424426546423	14.532525266294385	15.976498571419896	18.388984452415286	20.418812632112306	22.098624471914107	22.908964078339693	-1.0000000000000000	-1.0000000000000000	-1.0000000000000000	-1.0000000000000000	30.198323092733034	36.082691471858737	38.777536718325280	45.187582836363724	44.422396142288925	55.629628334867732	61.393908650083560	56.955616552347735	45.648210170904989
21.625000000000000	12.725603334337407	10.946145267549312	9.9866311974333826	-1.0000000000000000	10.516275062498991	11.107030974664653	13.674937482383697	12.253586894607395	12.837031099482317	-1.0000000000000000	-1.0000000000000000	-1.0000000000000000	-1.0000000000000000	-1.0000000000000000	-1.0000000000000000	-1.0000000000000000	-1.0000000000000000	-1.0000000000000000	-1.0000000000000000	26.913210831757681	33.411396799539773	33.266352538721193	37.279944743320407	41.790660746452154	44.630784289087202	56.743554786077979	54.936894177633917	49.976747165810863
21.375000000000000	-1.0000000000000000	-1.0000000000000000	-1.0000000000000000	-1.0000000000000000	-1.0000000000000000	-1.0000000000000000	-1.0000000000000000	-1.0000000000000000	-1.0000000000000000	-1.0000000000000000	-1.0000000000000000	-1.0000000000000000	-1.0000000000000000	-1.0000000000000000	-1.0000000000000000	-1.0000000000000000	-1.0000000000000000	-1.0000000000000000	-1.0000000000000000	-1.0000000000000000	19.559659244693776	24.290043981107587	32.226221860485666	36.528394762862959	40.561754591001090	43.835987993294090	46.463129488970488	42.502658921674907
21.125000000000000	-1.0000000000000000	-1.0000000000000000	-1.0000000000000000	-1.0000000000000000	-1.0000000000000000	-1.0000000000000000	-1.0000000000000000	-1.0000000000000000	-1.0000000000000000	-1.0000000000000000	-1.0000000000000000	-1.0000000000000000	-1.0000000000000000	-1.0000000000000000	-1.0000000000000000	-1.0000000000000000	-1.0000000000000000	-1.0000000000000000	-1.0000000000000000	-1.0000000000000000	18.652779762160577	24.249478714870904	27.834548226617230	28.609768066604019	32.539428962981077	35.015157377681376	32.471883071830291	37.196927176098860
20.875000000000000	-1.0000000000000000	-1.0000000000000000	-1.0000000000000000	-1.0000000000000000	-1.0000000000000000	-1.0000000000000000	-1.0000000000000000	-1.0000000000000000	-1.0000000000000000	-1.0000000000000000	-1.0000000000000000	-1.0000000000000000	-1.0000000000000000	-1.0000000000000000	-1.0000000000000000	-1.0000000000000000	-1.0000000000000000	-1.0000000000000000	-1.0000000000000000	-1.0000000000000000	-1.0000000000000000	29.606374106415828	32.759219376737008	26.992415399159484	28.760366846062112	33.622800367152848	35.779511875256276	34.301778974766393
20.625000000000000	-1.0000000000000000	-1.0000000000000000	-1.0000000000000000	-1.0000000000000000	-1.0000000000000000	-1.0000000000000000	-1.0000000000000000	-1.0000000000000000	-1.0000000000000000	-1.0000000000000000	-1.0000000000000000	-1.0000000000000000	-1.0000000000000000	-1.0000000000000000	-1.0000000000000000	-1.0000000000000000	-1.0000000000000000	-1.0000000000000000	-1.0000000000000000	-1.0000000000000000	-1.0000000000000000	33.348884380259719	35.697054621474123	31.732544834278542	32.154050619025185	37.978317753587731	33.978874700135520	32.767159246185258
20.375000000000000	-1.0000000000000000	-1.0000000000000000	-1.0000000000000000	-1.0000000000000000	-1.0000000000000000	-1.0000000000000000	-1.0000000000000000	-1.0000000000000000	-1.0000000000000000	-1.0000000000000000	-1.0000000000000000	-1.0000000000000000	-1.0000000000000000	-1.0000000000000000	-1.0000000000000000	-1.0000000000000000	-1.0000000000000000	-1.0000000000000000	-1.0000000000000000	-1.0000000000000000	-1.0000000000000000	-1.0000000000000000	38.687463921846273	33.612524116536491	32.276199878510255	30.968731694930213	28.434951763003014	32.719400660900504
20.125000000000000	-1.0000000000000000	-1.0000000000000000	-1.0000000000000000	-1.0000000000000000	-1.0000000000000000	-1.0000000000000000	-1.0000000000000000	-1.0000000000000000	-1.0000000000000000	-1.0000000000000000	-1.0000000000000000	-1.0000000000000000	-1.0000000000000000	-1.0000000000000000	-1.0000000000000000	-1.0000000000000000	-1.0000000000000000	-1.0000000000000000	-1.0000000000000000	-1.0000000000000000	-1.0000000000000000	-1.0000000000000000	-1.0000000000000000	35.133116347687150	34.433575123508575	28.852112022817437	28.004150446158107	32.019675349880103
cpt:C=2, cpt:clim_prob=0.33333333333400000
	87.125000000000000	87.375000000000000	87.625000000000000	87.875000000000000	88.125000000000000	88.375000000000000	88.625000000000000	88.875000000000000	89.125000000000000	89.375000000000000	89.625000000000000	89.875000000000000	90.125000000000000	90.375000000000000	90.625000000000000	90.875000000000000	91.125000000000000	91.375000000000000	91.625000000000000	91.875000000000000	92.125000000000000	92.375000000000000	92.625000000000000	92.875000000000000	93.125000000000000	93.375000000000000	93.625000000000000	93.875000000000000
27.875000000000000	22.578824815296663	22.528870412075985	22.046857701479396	20.480996918375428	21.729163667610859	24.030695489978928	24.195320429456228	24.076719879693417	24.601510519247448	25.217215911292527	25.443784121611273	25.967316953637116	26.091651691246710	26.011657626523434	25.966902920355615	25.704001236102108	25.702673141039448	25.585206573021964	25.428878638037524	25.488406669423487	25.341402196733746	25.822867196330602	24.920614455601747	24.307273690137869	24.194716459952858	24.321354652276813	22.996663690333889	23.153611919508119
27.625000000000000	22.464123331685638	21.865498342200610	22.159185538895851	21.041214111054913	20.988772771900596	21.749569178227073	22.931340333183964	23.033293460381397	24.246343765102722	24.738816365553838	24.997853219174296	25.216137525693924	26.196039192879823	25.998807608245748	25.886734878002486	25.987475418600027	25.296558830941997	25.539627601602660	25.281203368969805	24.855335622792559	22.803139907599636	24.164314116055646	24.365080186048299	23.566849354664939	24.240142323620685	23.453666054504527	23.383649235214278	24.410514358031598
27.375000000000000	22.136751826769871	21.588887061753514	21.368064034474941	21.498604915217868	21.097568957057927	22.196044730515872	23.645515419321608	23.414745136703960	23.405143363302393	23.643299122046383	23.994460600356074	24.359627216247340	25.021187882790667	24.092979319386000	25.314598270482943	25.524825444776948	24.655379637642650	23.079085067696365	23.460245522783666	20.791417571625260	19.706172791276423	20.557468018061364	20.957982629454222	20.767744000288108	21.932867003665290	23.417921534119039	22.798714213180997	23.667434938329141
27.125000000000000	21.969501211346952	21.596251659894286	21.327665856774850	21.662562053876616	22.427098543621909	23.022725081958928	22.472829966032990	22.448698703434111	22.248517655672611	23.258496165559258	22.960108652538786	23.128447762482981	22.436505665509262	21.242487151839562	20.883439997444853	20.313684612035921	19.733964403467198	18.509701970481778	19.205018353561282	17.262969031909037	15.073847738062483	15.591176411295848	17.089786671548588	17.119257953369647	16.888301494615440	18.198421697051778	21.779672874379770	19.612099693750942
26.875000000000000	22.820288406731105	21.389411905374235	21.684856665799320	21.637730517677916	21.156403440133307	21.274181719671557	20.688154047080609	21.854989384565531	22.152487363569097	21.914796802679643	22.040451255816247	23.029601381740424	22.719792952786676	23.365997726068560	21.788914267907394	19.834520617610679	17.238282922831999	16.741691613654304	16.202497192246494	13.843123743809731	13.635651620591752	12.991873892684266	13.144482032152169	14.374473889147334	14.889844416226545	18.348376570841012	20.629003453656587	18.900081003750874
26.625000000000000	21.317566833945349	19.990727994897341	20.730447396625454	20.723247323202340	20.707207305762594	20.679448689366751	20.280214321600010	20.471675270119142	20.338776510494451	21.015300928102004	21.620967061785795	22.345642645032505	21.718917234021571	21.479661524054052	20.990133603228195	21.124141622087976	19.255853501877539	17.539685030581712	15.231954688299510	16.054217361393299	14.989970177276863	12.480501563716736	14.075827855587706	14.051203962952375	14.586075775800198	17.057934489307719	16.886874290170304	17.362820497972479
26.375000000000000	21.054200895453477	20.776629421230830	19.795281562500133	19.540449073572763	19.367136109105079	19.882869241188285	20.435659232809311	20.106533655178602	20.344481727160868	20.312488171956876	20.448558500265811	22.295354725697656	22.500756725049101	22.616239897384929	21.547844967241712	21.020546839600797	19.350349326817174	17.215983600757752	15.581849200583962	14.661235664595329	13.114728750565146	12.162326435890293	11.926108707933821	13.865618131233649	15.149946944594230	15.752971636428031	16.202759709704196	14.919158827172167
26.125000000000000	20.818828958564513	19.429254782986177	20.098199513456496	20.635261643468489	19.125559865614278	18.878767690660972	19.988178315207243	20.665763141015091	20.326511207475541	20.545086304776920	21.882992086061932	23.030553324947437	22.189642623143577	22.900600476305591	22.336716810918617	21.933074913277835	19.733660726892872	19.008783289449759	19.099717139606511	16.869713957500235	11.641250491926371	11.563535695321249	12.760645910674256	15.254975591320987	14.471554170001497	12.961677512719600	12.503590531140185	12.774185916325626
25.875000000000000	21.324394981813882	20.684277073347165	20.031169888741324	18.924762119740731	18.723616194539918	19.035519693851437	21.104486608860658	21.423426719082887	21.817818373788295	22.162570741591917	22.383372735938263	23.602151143869087	24.052539331728656	24.562982629987001	23.869099179266826	21.216564786128814	20.691588996971412	20.617194120781146	18.041589075241159	17.060977540268773	14.292243937507878	12.102865685709638	15.128308584715361	15.861131482778251	16.605933465192869	15.135224523633777	13.569575479561639	12.339102039987814
25.625000000000000	21.930896744096614	21.125387479644175	20.170903131779163	19.564532581442652	19.846923845246138	20.450169626952203	21.910965043795080	22.329098926302802	23.070457442390722	23.472512066846171	23.593186201249839	24.424666774181311	24.390326082641725	24.515838881765426	23.057248347511010	19.450949570797782	19.113968328701780	20.012627276716049	21.632319969024280	22.490927292044084	17.298181683720454	18.812745135175863	18.621476236740889	16.980537422821712	16.895666940850191	14.077321268194074	12.455458473659384	11.782775624058182
25.375000000000000	22.023144270863227	20.453254684852386	19.995756041515808	20.674321393708794	21.581566835828809	21.944772912766599	21.880376972039826	23.149735921187901	23.682025241184153	24.091903883333313	24.526859435985134	24.806393556682753	23.272725519985624	21.935837437756849	20.627733669373477	19.848652534678486	19.950552455157776	18.661018939664213	19.481567522232520	20.624667830676461	22.723561958840289	21.374811955579272	20.941914926535201	20.453365848192028	14.375438123255590	14.545166205521843	13.069438177178505	11.844606352341660
25.125000000000000	22.381238202214508	22.362891698753629	21.658337198416458	21.584228437705210	23.034714480770397	23.229136345802448	22.991785868040871	23.244391989152511	24.366754264447898	24.513614435734958	24.474338480050875	24.759838896412514	22.798462648096084	20.562148886137997	18.917402167961427	19.958244544794528	18.077406546169840	18.027785298509244	18.615300757479147	20.331790748412558	20.823427247278669	20.648201096968734	18.866628517806305	18.584524626441130	16.911739450090913	14.895341228524323	13.962020680389356	14.237448770176480
24.875000000000000	24.458493037660460	23.384224302010409	22.568623065535299	22.746057786205643	23.727590685607336	24.110517564507276	24.189511256954511	24.283050148476889	24.134739359327305	24.262809414871271	24.841525382697291	24.662955072781536	24.276583161394402	24.044377356736195	22.118993506300175	19.879238541225952	19.842502328055435	20.410167561513980	22.092026667474414	22.064723179782995	20.932471412516488	20.202420822853394	18.474279923876445	17.340147067264283	17.414346191402181	16.635180473354914	16.463648510565150	15.945479487854124
24.625000000000000	24.901342322338323	24.497971430772800	24.374741716036915	24.245000463652730	24.044210824762821	24.455792464868352	24.403715304225116	24.374657795494528	24.275736679276712	24.256091296398900	24.654328247732821	24.799004587442248	24.823065813719616	25.196746259974951	24.631573634020526	24.597586061193418	23.829308798032766	23.003231407829432	21.898287669665851	23.364840255865083	22.228515168404670	21.002448722157343	17.915893515966928	17.166411413745415	17.932975474853038	18.791046393205470	17.007535245055109	17.680941468960441
24.375000000000000	24.576362171457269	24.487807949910902	24.340549636396602	24.200639889336784	23.437695185049471	23.959246644881688	24.237155725963220	24.315346912572167	23.966294291273762	24.190879796278985	24.476620528973292	24.474266505940442	24.401726926902171	24.696843766064411	24.893649308613945	25.104696724319190	24.470350715293087	24.001629026448501	24.613807263196417	23.457832360221939	22.740393402234687	22.473281503182008	20.644661907541948	19.878132645623356	20.498986827014701	21.424525446519212	16.932172320236827	17.598339160532625
24.125000000000000	23.452241508992955	23.130476375635183	23.766232368578834	23.184844541224038	21.602314048122103	22.925241519511445	23.223668066532177	23.575254463984614	23.739704987202806	23.794368270432201	22.127860763598676	23.210371697742751	24.171378136061890	24.003754360698665	24.520278026803503	24.996807449193994	25.011651705525708	25.053436763819398	24.984961799105278	24.656941548296306	24.524081484030422	23.234076430840602	21.716514859803311	22.732021728230471	23.648671418781870	23.204217802632659	17.048608573450981	19.886746355808725
23.875000000000000	22.421494611908976	21.407457898672163	21.177926911846470	21.535250321164121	22.817078583636906	21.896513641048479	21.497438389236436	21.885716679482336	22.376079207040576	22.530995801585036	20.917010203112682	21.625685299738564	22.808022878540385	23.770132481289309	24.030607937712105	24.809021150644682	25.132680567422426	25.033615084984639	24.836028828871001	24.901482641412670	24.307620786694134	24.737595572694318	24.690820768009509	24.890823532107262	24.760928514582233	24.325922711610939	21.377627963426463	21.234721260180049
23.625000000000000	21.397110963655507	20.758642342729310	21.392052630754158	22.944592368378395	22.709893971614328	21.700783378432334	20.874054969916699	20.040815191932182	19.107951363216586	19.527686203067688	20.735586571953085	20.946140773183281	22.836106254502006	23.198509753725759	23.876613860646295	24.444564992868628	25.011475241204863	25.011671423210643	24.866646087512990	24.586465104417805	24.775175042622649	25.123214184902182	25.133883708940125	25.185788420074012	24.901863160014884	23.514673040847939	22.345719846564595	22.847016901108262
23.375000000000000	20.235628820780974	19.932811238591341	21.548167041048693	22.208108291992964	21.080165578129964	21.115969400811778	19.849719174511854	18.717356657163933	17.942982833852753	18.773429434172300	19.475079088133491	20.895121880223741	22.528422594806301	22.442209233488448	22.950269267344773	23.652509626597642	24.820743634198223	24.949413241228562	24.787998389068939	24.997009115261598	24.914902093812358	24.959519596811639	24.811010038814693	25.190661109604648	24.773633008311883	23.902734015089344	23.662847350342791	24.987138162519628
23.125000000000000	19.788439080556074	19.636228386662708	20.077881242211291	20.123492342190801	18.868812823441772	17.812132702661643	16.482651518607611	18.013886236936315	18.058390681288429	19.480570177659203	19.185813789149250	21.081090038757289	22.876625694764400	23.218637291696545	23.466207783852695	23.900847149352728	24.515251684757487	24.414602566627458	24.915282151898495	24.737953619163100	24.944819300337372	24.818688499142773	24.923555991747648	25.058389273815358	24.454781524910885	24.011877105731447	24.845294347330288	24.474582108356689
22.875000000000000	16.653825117497703	17.269646651091946	17.090216088128571	17.929657878305520	19.129427015692940	16.630377866776755	16.468216101184098	18.346754936837129	18.533781519984302	18.218320299489420	18.867301322564444	20.886606993652144	22.866621614899834	23.208263008190187	23.858379445982010	23.861015710293913	23.211379168650907	23.028060570517134	24.636628151121613	24.666047335166489	24.919550962224108	25.130456188661327	24.908751722111013	24.570813468417484	23.640409902293239	23.243353512950300	23.334252321410048	25.537067921395952
22.625000000000000	16.866686323691354	16.180597046372981	16.043598627659975	16.596984893067003	16.232310144598941	15.995405959115047	17.425945791781515	19.700054573735500	19.730023461501773	18.109538175168893	19.301828282863866	20.461072658605445	22.401578404694980	22.826910839270667	23.246335697103646	22.623446227963314	22.613669136835760	23.353548814104585	24.511784400229359	24.618519848441068	25.199676374752727	25.056405335447081	24.617273533871249	24.860496403016267	23.196633895203426	22.041423624985185	23.172003953444680	25.215406989419211
22.375000000000000	17.068525241147455	16.975226909686384	15.183204570624113	14.807074049039713	14.755114393125154	15.262713136710261	16.753736375622879	17.622124815781163	17.911652311462447	18.064686153439723	19.727984404060706	21.550747273192641	22.581352805972067	22.419991701736961	22.874598208872357	22.002748835155856	23.340177010814664	24.081766097933375	23.826755945782367	25.068801897563326	25.235323306655879	25.016059854246258	24.944276134884483	24.525088814611436	24.012768277374438	22.598475599593957	24.878642183497664	24.677096535665211
22.125000000000000	16.744136814044154	16.101725529217106	13.893953928425162	14.234100064602217	15.417010137253783	17.233150245792999	16.860035565763198	18.134902179229925	16.734977760905991	18.441477510695634	19.986889622777170	21.053499015758980	22.000558735259027	22.886871429865920	23.196946852406704	22.751656150685058	23.106052550646261	-1.0000000000000000	-1.0000000000000000	24.875152285907106	25.319769823020984	25.030411088815846	24.973635893603621	24.475300827530042	22.848398988631637	21.204248885109440	23.585723618296360	24.896540014454821
21.875000000000000	16.774631549659944	14.496913508871515	13.966501993280474	13.972931334327100	15.703463383890181	15.947053788491289	16.764125560648310	17.553103409597455	18.071796245069891	19.023199189959826	19.685462332910646	20.819804097868740	21.297751861352950	21.977811759017783	22.978759283358613	-1.0000000000000000	-1.0000000000000000	-1.0000000000000000	-1.0000000000000000	24.886501595409939	25.290754633194986	25.032651603388388	24.680578259146987	24.771498859823382	22.993688739330736	21.237496512492587	22.402930400381241	24.512520051568185
21.625000000000000	16.798341920031518	15.797096307913861	15.074506751469897	-1.0000000000000000	15.710474712309249	16.354705489919127	17.993481662533028	17.334872327604984	17.901144412166801	-1.0000000000000000	-1.0000000000000000	-1.0000000000000000	-1.0000000000000000	-1.0000000000000000	-1.0000000000000000	-1.0000000000000000	-1.0000000000000000	-1.0000000000000000	-1.0000000000000000	24.309538762365356	24.804184671659826	25.047731642045463	25.350093211595365	25.385577210973103	25.170141201831008	22.849720393928230	23.065313557135909	24.052836353282249
21.375000000000000	-1.0000000000000000	-1.0000000000000000	-1.0000000000000000	-1.0000000000000000	-1.0000000000000000	-1.0000000000000000	-1.0000000000000000	-1.0000000000000000	-1.0000000000000000	-1.0000000000000000	-1.0000000000000000	-1.0000000000000000	-1.0000000000000000	-1.0000000000000000	-1.0000000000000000	-1.0000000000000000	-1.0000000000000000	-1.0000000000000000	-1.0000000000000000	-1.0000000000000000	22.183834164450595	23.988200402189236	24.997895593918287	25.509725428138033	25.395876133154168	25.167504498643957	24.772786661146959	25.165841854632006
21.125000000000000	-1.0000000000000000	-1.0000000000000000	-1.0000000000000000	-1.0000000000000000	-1.0000000000000000	-1.0000000000000000	-1.0000000000000000	-1.0000000000000000	-1.0000000000000000	-1.0000000000000000	-1.0000000000000000	-1.0000000000000000	-1.0000000000000000	-1.0000000000000000	-1.0000000000000000	-1.0000000000000000	-1.0000000000000000	-1.0000000000000000	-1.0000000000000000	-1.0000000000000000	21.656600089736685	23.022299279441974	24.018142785405573	24.364851315779497	24.896407049955585	25.203859354810824	24.907176880070558	25.423255463537991
20.875000000000000	-1.0000000000000000	-1.0000000000000000	-1.0000000000000000	-1.0000000000000000	-1.0000000000000000	-1.0000000000000000	-1.0000000000000000	-1.0000000000000000	-1.0000000000000000	-1.0000000000000000	-1.0000000000000000	-1.0000000000000000	-1.0000000000000000	-1.0000000000000000	-1.0000000000000000	-1.0000000000000000	-1.0000000000000000	-1.0000000000000000	-1.0000000000000000	-1.0000000000000000	-1.0000000000000000	24.772829294115979	25.151013438000518	24.018518148117742	24.446805372020521	24.523504253650145	24.868495126002259	24.825742965708983
20.625000000000000	-1.0000000000000000	-1.0000000000000000	-1.0000000000000000	-1.0000000000000000	-1.0000000000000000	-1.0000000000000000	-1.0000000000000000	-1.0000000000000000	-1.0000000000000000	-1.0000000000000000	-1.0000000000000000	-1.0000000000000000	-1.0000000000000000	-1.0000000000000000	-1.0000000000000000	-1.0000000000000000	-1.0000000000000000	-1.0000000000000000	-1.0000000000000000	-1.0000000000000000	-1.0000000000000000	25.077682882616223	25.213633613551501	24.776505426121595	24.465296294664881	24.713040770931208	24.438203599708238	24.385764457021608
20.375000000000000	-1.0000000000000000	-1.0000000000000000	-1.0000000000000000	-1.0000000000000000	-1.0000000000000000	-1.0000000000000000	-1.0000000000000000	-1.0000000000000000	-1.0000000000000000	-1.0000000000000000	-1.0000000000000000	-1.0000000000000000	-1.0000000000000000	-1.0000000000000000	-1.0000000000000000	-1.0000000000000000	-1.0000000000000000	-1.0000000000000000	-1.0000000000000000	-1.0000000000000000	-1.0000000000000000	-1.0000000000000000	25.001042417343051	24.225419040040222	23.985554886269718	23.687588317213169	23.380202498326241	24.501940668407684
20.125000000000000	-1.0000000000000000	-1.0000000000000000	-1.0000000000000000	-1.0000000000000000	-1.0000000000000000	-1.0000000000000000	-1.0000000000000000	-1.0000000000000000	-1.0000000000000000	-1.0000000000000000	-1.0000000000000000	-1.0000000000000000	-1.0000000000000000	-1.0000000000000000	-1.0000000000000000	-1.0000000000000000	-1.0000000000000000	-1.0000000000000000	-1.0000000000000000	-1.0000000000000000	-1.0000000000000000	-1.0000000000000000	-1.0000000000000000	24.360357312586189	24.193939393146721	23.399484974154582	23.390355382485630	23.990884292467328
cpt:C=3, cpt:clim_prob=0.33333333333299997
	87.125000000000000	87.375000000000000	87.625000000000000	87.875000000000000	88.125000000000000	88.375000000000000	88.625000000000000	88.875000000000000	89.125000000000000	89.375000000000000	89.625000000000000	89.875000000000000	90.125000000000000	90.375000000000000	90.625000000000000	90.875000000000000	91.125000000000000	91.375000000000000	91.625000000000000	91.875000000000000	92.125000000000000	92.375000000000000	92.625000000000000	92.875000000000000	93.125000000000000	93.375000000000000	93.625000000000000	93.875000000000000
27.875000000000000	21.981553728265261	22.343402927670798	21.635883510835285	16.103884608042055	19.277372052194135	24.362090914415571	24.028590497162593	24.194722907562923	27.136961608752934	30.291332274840187	33.686811064589598	33.255743279091917	36.866391306234405	29.651145283356069	30.142575278085793	29.296195863048020	34.446555193545642	31.790113582301366	33.173781308126479	31.659988904800624	25.772982322750167	27.589823193664753	25.583075396946082	24.085063742904282	24.302432139468017	22.774417227484694	19.424598587393831	21.690312079434786
27.625000000000000	23.267082899706512	22.951342772117393	23.773435597403793	18.699635521695924	18.485100067451210	20.987410140856031	25.311421183823750	26.530334372398283	32.080756269541837	33.276619348975366	29.699047115926170	34.409968785062965	33.700744705364365	30.916002486026713	32.616599622829789	36.807740288913095	29.155753939793307	32.816905290245650	31.239106866090815	27.695927246985065	18.586264071693819	21.824873714868591	23.146120033525111	21.922252287046575	23.938230904208286	18.576636696033578	19.625908211373250	22.615488193799862
27.375000000000000	24.210507839147194	23.225389522061480	22.223475515968154	21.600412768487260	20.457980405838935	22.987479049900344	30.569821270007498	28.863545487395736	27.059429524710076	28.448865504451764	25.283522685867606	26.244501824751907	27.141683768668134	20.017229075319339	26.026585617443825	30.382493488686290	26.222611503529659	20.647933089517526	22.241433794113583	15.433047103668285	12.802385659584010	13.195654276566545	12.458503572038211	13.655781817350107	16.774240668115848	17.861793148938851	17.419817674683951	19.398473386589703
27.125000000000000	22.808974658625857	21.902147114659982	21.365340345327226	22.329960187728513	23.021899932845962	24.369680368006424	23.348622186894481	24.211044860958545	21.216355009075404	24.784725897508210	24.457933776944955	21.752258235068933	19.188925898531775	15.905284389324100	14.858365230664065	15.452073515123670	15.061818544004099	13.133471014330913	13.671556171331350	11.056658276629213	7.3812838003734198	7.1551498442828390	8.5203418504842592	9.1986549177378869	9.7540484312992337	10.908516665304106	15.695931132009164	11.696756456372540
26.875000000000000	23.901712773103529	20.867174792759915	21.725487787841939	22.085050082927722	21.074675889789457	19.987421369511903	18.180353954420212	21.737588920398213	23.251697293875193	22.099531922741317	20.847845878498820	21.106360418604094	19.724370149525775	19.933751329074443	14.294427332988372	13.657242949301912	11.385905614424422	10.664243745121103	8.7345979204051325	6.1355916986290175	6.1111597875765078	5.3896896707328192	5.7449258966493248	7.5006994286310853	7.9553140190210243	10.402348510522408	13.284835007804430	11.623334927153856
26.625000000000000	21.707743109899518	17.490879292718354	19.344992779085640	19.521459330047509	19.108008783668787	19.669872648381308	20.503498150144832	19.437719321805595	20.140097600747449	21.996179200706901	22.655217363583706	24.890799143686650	21.258803924585461	15.942341633721647	13.520506818796960	14.453362312624494	12.632924441719689	10.676880889448540	9.0683773865234123	9.0749136819165646	7.8106781388286706	5.5401680629272363	6.6884536738123987	7.0895735204786829	7.5813606576945443	9.7679917326505308	9.2072056165833107	10.489186467770066
26.375000000000000	20.992642798170998	20.038107098437912	18.471927547035431	17.292573910652276	17.339080396392031	19.598853325936116	20.928893730985511	20.563636395924355	19.466955688643978	19.797681361631920	19.323033796063363	22.832558872144524	23.317608953387420	21.300737494357719	16.962623560931579	15.433935381010935	13.289067229859150	11.482997103533760	9.6822712289327217	8.3190003484328603	6.6349877380630380	5.6708352727907565	5.2667069897680792	6.1979653260677514	7.1151935791872321	7.6138776504887833	7.7858449142211352	7.6121429741112276
26.125000000000000	20.935220650478360	17.955557715606538	20.810000157628149	21.667214001668938	18.572239915357194	18.180595641908759	20.482141536951204	19.553733835594912	20.592372376569699	20.598643591691445	22.260260617775508	25.093483310198632	21.307718253145261	21.585858898872317	19.422886034291473	18.182144591721809	14.170345723550648	14.252578341853495	14.440773012083286	10.740987199380001	5.1231246905959367	4.7414379199031744	6.0984048776920163	7.8883004710597380	7.0106807465664316	5.0320379583356747	4.9757867560328481	6.0226376500653469
25.875000000000000	22.173999443781007	20.743184189871823	20.986220160700462	18.828342879915223	18.277027522895342	18.672250820013129	22.674829223102524	22.685864607817518	23.015657678270205	23.649812375533546	22.467110728565341	26.066479186103990	27.640071237298219	28.189923344817398	22.784642901616586	15.894882277707218	16.446380044195458	16.299956568248728	11.139633730149203	9.7159993683321435	6.7296855442435213	5.2511364756486136	7.7307913290933410	9.0754715217437472	9.1966458441178087	7.1868736305390870	6.5421657540206040	6.2500478620772810
25.625000000000000	25.892911855674967	23.402422606386700	20.924464488494820	19.965126414644001	20.531228349523232	21.810599389642690	25.125912951419700	25.086889000587842	26.635428273000915	26.930627269349984	25.726017879776986	27.257923225788467	26.610359087545245	25.747114488776006	20.407609933510717	13.317719392965271	13.306697446122302	14.733596571559335	16.810877061614086	17.572359594998034	9.8053121305713766	12.804377851643260	12.157961147938993	9.7505341493185416	9.1736930405124841	6.5303257734994293	5.8209979175571318	5.4562360348775423
25.375000000000000	26.552932034889160	22.363646515952095	21.445455305703337	22.708459681756572	25.097204014633441	26.233707840331999	23.985807568072381	27.247451089998560	27.940287456620734	29.730049494871668	31.960174921264350	30.913162870946959	21.086613191140255	18.428919684244345	15.231783775526894	13.655545636180690	13.968596896266803	12.871759603988192	14.574077758365039	16.895238529090374	21.928257022793172	18.173211109451177	16.433407910880472	14.011275244246809	6.4639589770749861	7.3611092285339605	6.0698256680374749	5.6200224330601749
25.125000000000000	27.742332709662183	27.735419962230225	25.491923332039978	24.811060705372551	28.573446062778508	29.613775417975564	27.700433853697760	28.620827796895703	30.909243783199734	33.505918033828706	32.877440324394613	31.588261927209249	21.709403626871342	15.547311611540025	12.937436532208105	14.106558200281622	12.295672288621491	12.296622168685987	13.227732061010739	15.669541537444337	17.528049259347352	16.762624379091889	13.850168142150990	12.255054976769832	9.4602563044127663	8.2858532671439420	7.6746664511558773	8.4127228788409543
24.875000000000000	36.344845421341873	31.119034460408763	28.249241927211287	28.214127966610324	31.283799919758483	34.070650277169200	35.503561433284268	37.924474951635361	36.036184197744923	34.036311898586376	32.434974836362656	32.822425962228536	27.675345825102337	24.434110298546198	19.084004514212520	14.087202207482655	14.192940375407549	15.061393904852105	19.262120707992516	20.325442889718744	17.484151931397545	16.189222436632360	13.403398829233604	11.806055877090776	12.219949318553015	11.202234730307358	10.578226327037502	10.438369178896730
24.625000000000000	42.605273227187567	40.514031585197081	39.429991236181309	39.996776977414100	41.584932121535267	41.989589795406744	40.751966727870112	39.054237950668977	40.287574733474962	40.940669947171862	37.166956957108603	34.040214787276916	36.298433119496593	32.891952766734725	27.951861390175175	29.137328481080978	24.310923439422925	21.987528598144522	18.359756824872644	24.312285484994376	20.553372993214623	17.257196088985356	12.577691339866343	11.563199079152342	12.232145759838692	12.976576345693095	10.557554299699932	11.774177200039224
24.375000000000000	47.213219651699639	46.195912653045781	43.589442390630211	45.140492736894160	47.756647942672195	46.182178509761385	44.606590835862306	42.925764144065553	44.962677503615872	43.495211425776681	41.884873617526743	42.775140024022257	43.398087173237059	40.368216280376139	40.024594825172358	33.949140263251998	30.180371211559219	25.917314932550955	29.745613069135462	23.430688686670141	20.635672277680257	20.834934020847491	17.681813051362486	16.403905577212914	17.388895285584002	17.259458405084672	9.9636557991901782	11.350015975776968
24.125000000000000	53.263473283071946	54.559767918821279	49.154704863839335	51.202135436920415	57.507170554917927	50.443509673710906	50.008820814214381	47.418077914346974	46.081724907831749	46.050407988326683	55.710551971047792	49.795981711139341	43.454520150097167	45.545095404114548	44.024821746487781	39.934019372786125	33.265215072738897	32.853504068297326	32.341563828616572	29.685556246024991	28.439584786596672	24.260243058469811	20.237828646838175	22.484403111393441	24.005180785225601	19.214430891813830	9.7415153529046599	15.027638429573686
23.875000000000000	57.340539632233025	59.831339216145409	60.257956561818830	58.118969577301563	52.404023793889841	55.512579937219918	56.165230796769094	56.013051476978113	53.490519076896192	50.602488600070615	58.121402722031590	56.072455603801671	51.142328888498554	47.369564521003113	46.620583843838261	41.388731651651497	38.839044116627896	35.913506648468029	31.890903192965936	31.940920371192234	28.570260143146047	33.444388688947932	31.648681512210757	31.897318578260958	27.846284669203975	25.345419194176760	18.466514727576239	18.342351883297443
23.625000000000000	59.556487136487448	61.366289764218898	59.742070636318026	53.650126232504206	53.252680830928078	56.338594943921350	59.164730190117766	62.254339284030337	64.116298145486311	61.959462711550884	58.043334105380161	58.593994623001699	50.624046986655749	49.370382674644716	46.778425217198382	43.898234522877594	39.893368026881163	35.343980258116694	36.157556138590685	30.252246044812885	32.517685670186538	40.244048981969001	38.366043043559856	38.263110940805731	29.928523535529905	23.316972877750274	19.740280075222490	23.198338471788858
23.375000000000000	62.645007029182324	63.289692979511003	58.535231842810795	56.384512990917266	59.663887369700177	59.003263672172068	63.087371670154901	65.924672419508127	67.914700812691351	65.559662646520707	63.198660211350052	58.732434265247946	52.651091738526091	53.097128476646539	51.554266850481191	48.141375962086833	39.037943624538002	35.669418326227017	34.292477212298650	38.794043489486704	43.314495804708173	38.696105303039822	40.970428253295275	36.541214313898188	30.947618714382763	25.465422106888497	23.863138861925474	30.861086974629394
23.125000000000000	63.410784717920052	63.984045416706323	62.933827202240408	62.997135703375150	65.919019288645487	68.272046181419839	71.662836616474820	68.172776559193821	67.614748784832130	63.693251050229236	64.591486577179907	57.975832547505981	50.662666005212429	50.315345199778228	48.664345229192804	46.608966515365864	42.691105417581738	45.151353289988144	39.494782741845668	43.656726853265376	43.999430543053293	43.107917286312450	38.567320013615166	34.431597965767182	28.893193207101532	24.745510078968454	28.467440565323137	27.521508938738858
22.875000000000000	71.431430319170659	70.431549053089256	70.740337538294824	68.693101335043153	65.317437181989547	71.379613081250412	71.816277905332925	66.827212388184648	66.599563096805326	67.324268881236932	65.829848874563950	60.373364127459503	52.799738831637221	50.889941025337393	47.089896547999203	47.475226733832528	50.060409496623848	51.926755362591173	43.252506300333295	44.411521367541177	44.226995667689891	36.678612363728377	33.820301365858349	28.721017357335931	24.498232343993710	21.975170781629124	23.083877318001463	34.364986507593038
22.625000000000000	71.477196424636873	72.896441171507348	73.075038323178191	71.567524469188683	72.169213232608357	72.967562931154035	69.678451607854825	64.820951210415288	64.540946245218862	68.284571963854489	64.899653272589603	62.720659530891808	55.132013991304383	50.907175119892088	48.224831554113564	51.110622151263343	52.499956858082733	50.504155696261236	43.679009198908489	44.748927859556758	39.847187488406192	34.865790714945014	32.021276628150609	31.582000022552425	22.365252663247361	20.133336885831881	22.494049302397443	31.691282702174885
22.375000000000000	70.813497290491156	70.796106817338156	74.881011112395058	75.504318701443495	75.725699172866328	74.502473681604116	71.383879008797919	69.758208910212005	68.935569028357889	68.179812766789397	63.774261663499729	57.264056354948181	53.878105647765871	52.821052797350276	50.797338670063667	54.721506804855395	50.199540618465143	47.380020414526065	47.539298722606887	37.370426026787221	36.340530184073295	37.450684978828605	35.778005377642039	29.711705190274955	25.273760019285728	21.514619399010439	30.152845271351620	28.563427876851289
22.125000000000000	71.492568110575831	72.887534303224101	77.486258093578670	76.821056466266441	74.581869407966607	70.650684975292364	71.457029269281719	68.690366747132586	71.777724869707413	67.824817567386120	63.561233558473830	60.251030820506379	57.115373386447764	52.359186150846114	50.745420620814308	54.565670440577598	53.139364465518078	-1.0000000000000000	-1.0000000000000000	41.734599462866882	38.848969307453338	34.608786225128000	36.622751686173039	29.584361824834993	21.460863603712511	17.556247740948091	24.437402015949029	29.483965694895915
21.875000000000000	71.253174566880446	76.234958124717878	77.659862108475892	77.573346746296835	74.217881358325272	73.654195516973857	71.721955721041979	69.648207772480561	69.131779328383686	66.444275543745789	64.338039095669458	60.791211449715973	58.283435506534744	55.923563769068110	54.112276638301694	-1.0000000000000000	-1.0000000000000000	-1.0000000000000000	-1.0000000000000000	44.915175311857027	38.626553894946277	36.189811678286333	30.131838904489289	30.806104997887694	21.376682925801532	17.368594837423853	20.641453047271025	29.839269777526827
21.625000000000000	70.476054745631075	73.256758424536827	74.938862051096720	-1.0000000000000000	73.773250225191759	72.538263535416220	68.331580855083274	70.411540777787621	69.261824488350882	-1.0000000000000000	-1.0000000000000000	-1.0000000000000000	-1.0000000000000000	-1.0000000000000000	-1.0000000000000000	-1.0000000000000000	-1.0000000000000000	-1.0000000000000000	-1.0000000000000000	48.777250405876963	41.784418528800401	41.685915819233344	37.369962045084229	32.823762042574742	30.199074509081790	20.406724819993791	21.997792265230174	25.970416480906888
21.375000000000000	-1.0000000000000000	-1.0000000000000000	-1.0000000000000000	-1.0000000000000000	-1.0000000000000000	-1.0000000000000000	-1.0000000000000000	-1.0000000000000000	-1.0000000000000000	-1.0000000000000000	-1.0000000000000000	-1.0000000000000000	-1.0000000000000000	-1.0000000000000000	-1.0000000000000000	-1.0000000000000000	-1.0000000000000000	-1.0000000000000000	-1.0000000000000000	-1.0000000000000000	58.256506590855629	51.721755616703177	42.775882545596048	37.961879808999008	34.042369275844742	30.996507508061953	28.764083849882553	32.331499223693086
21.125000000000000	-1.0000000000000000	-1.0000000000000000	-1.0000000000000000	-1.0000000000000000	-1.0000000000000000	-1.0000000000000000	-1.0000000000000000	-1.0000000000000000	-1.0000000000000000	-1.0000000000000000	-1.0000000000000000	-1.0000000000000000	-1.0000000000000000	-1.0000000000000000	-1.0000000000000000	-1.0000000000000000	-1.0000000000000000	-1.0000000000000000	-1.0000000000000000	-1.0000000000000000	59.690620148102738	52.728222005687122	48.147308987977198	47.025380617616484	42.564163987063338	39.780983267507800	42.620940048099150	37.379817360363148
20.875000000000000	-1.0000000000000000	-1.0000000000000000	-1.0000000000000000	-1.0000000000000000	-1.0000000000000000	-1.0000000000000000	-1.0000000000000000	-1.0000000000000000	-1.0000000000000000	-1.0000000000000000	-1.0000000000000000	-1.0000000000000000	-1.0000000000000000	-1.0000000000000000	-1.0000000000000000	-1.0000000000000000	-1.0000000000000000	-1.0000000000000000	-1.0000000000000000	-1.0000000000000000	-1.0000000000000000	45.620796599468193	42.089767185262474	48.989066452722774	46.792827781917367	41.853695379197006	39.351992998741466	40.872478059524624
20.625000000000000	-1.0000000000000000	-1.0000000000000000	-1.0000000000000000	-1.0000000000000000	-1.0000000000000000	-1.0000000000000000	-1.0000000000000000	-1.0000000000000000	-1.0000000000000000	-1.0000000000000000	-1.0000000000000000	-1.0000000000000000	-1.0000000000000000	-1.0000000000000000	-1.0000000000000000	-1.0000000000000000	-1.0000000000000000	-1.0000000000000000	-1.0000000000000000	-1.0000000000000000	-1.0000000000000000	41.573432737124058	39.089311764974376	43.490949739599863	43.380653086309934	37.308641475481060	41.582921700156241	42.847076296793134
20.375000000000000	-1.0000000000000000	-1.0000000000000000	-1.0000000000000000	-1.0000000000000000	-1.0000000000000000	-1.0000000000000000	-1.0000000000000000	-1.0000000000000000	-1.0000000000000000	-1.0000000000000000	-1.0000000000000000	-1.0000000000000000	-1.0000000000000000	-1.0000000000000000	-1.0000000000000000	-1.0000000000000000	-1.0000000000000000	-1.0000000000000000	-1.0000000000000000	-1.0000000000000000	-1.0000000000000000	-1.0000000000000000	36.311493660810676	42.162056843423287	43.738245235220027	45.343679987856618	48.184845738670745	42.778658670691811
20.125000000000000	-1.0000000000000000	-1.0000000000000000	-1.0000000000000000	-1.0000000000000000	-1.0000000000000000	-1.0000000000000000	-1.0000000000000000	-1.0000000000000000	-1.0000000000000000	-1.0000000000000000	-1.0000000000000000	-1.0000000000000000	-1.0000000000000000	-1.0000000000000000	-1.0000000000000000	-1.0000000000000000	-1.0000000000000000	-1.0000000000000000	-1.0000000000000000	-1.0000000000000000	-1.0000000000000000	-1.0000000000000000	-1.0000000000000000	40.506526339726662	41.372485483344704	47.748403003027981	48.605494171356263	43.989440357652569
