xmlns:cpt=http://iri.columbia.edu/CPT/v10/
cpt:field=prcp pred_err_var, cpt:dof=20, cpt:T=2019-06/09, cpt:nrow=32, cpt:ncol=28, cpt:row=Y, cpt:col=X, cpt:units=mm/day (squared), cpt:missing=-999.00000000000000              
	87.125000000000000	87.375000000000000	87.625000000000000	87.875000000000000	88.125000000000000	88.375000000000000	88.625000000000000	88.875000000000000	89.125000000000000	89.375000000000000	89.625000000000000	89.875000000000000	90.125000000000000	90.375000000000000	90.625000000000000	90.875000000000000	91.125000000000000	91.375000000000000	91.625000000000000	91.875000000000000	92.125000000000000	92.375000000000000	92.625000000000000	92.875000000000000	93.125000000000000	93.375000000000000	93.625000000000000	93.875000000000000
27.875000000000000	1.7564156018722605	1.7816021722207482	1.8138876578387659	1.6649389636029930	1.7205134645747666	1.6681279215219182	1.6349703067381924	1.6560071286953852	1.6862519508902194	1.6801146602926684	1.6971868749875463	1.6252050902340514	1.6265070895031037	1.5704757609576050	1.5843464341504736	1.6003381852104819	1.6688943953930750	1.6568008329315189	1.6940894436425040	1.6674199092106232	1.5569278126085944	1.5496408972840428	1.6003872298971618	1.6233514614916238	1.6452772874774328	1.5709817296057675	1.5681033328574623	1.6655125169111773
27.625000000000000	1.8361056627929571	1.9115048704556283	1.9066413332066769	1.7793947750668933	1.7720879600026902	1.8209618957655718	1.8563081369733023	1.8871524757405795	1.8466926365991752	1.7909724533041229	1.6971881605243926	1.7344390394034050	1.6005260180114884	1.5928678782232719	1.6288163010483798	1.6400667436818468	1.6475373803235493	1.6755583975758321	1.6880312340840826	1.6689099390304714	1.5436442615743260	1.5495003673049221	1.5806259560433382	1.6246283096726286	1.6260566030714025	1.4705165938769200	1.5339923752881419	1.5542950756597675
27.375000000000000	1.9309303364447938	1.9703563265412878	1.9513881318965247	1.8946679567284939	1.8877612816665037	1.8624341682256385	1.9097103247868703	1.9029067163624105	1.8494400720659481	1.8565110310825308	1.7064021866109955	1.6908551017785127	1.6334381794449380	1.4752678174357832	1.5673586275365192	1.6425049344303688	1.6525059421309476	1.6229591478878254	1.6524342441806201	1.5716281524964089	1.4770245933153945	1.4155081214352461	1.3120530273522573	1.4310617915037935	1.5318632811950885	1.4349821098596680	1.4752702650466756	1.4906345390215627
27.125000000000000	1.8879173208152022	1.8967154463078091	1.9076771563536365	1.9101866456269672	1.8297279313919261	1.8043944755022008	1.8387073060222379	1.8823639645918280	1.7621971388247017	1.7878650720242883	1.8171153434045251	1.6717301968776634	1.6227548345352554	1.5524678362830393	1.5151237130766009	1.6343777746661714	1.6796347990865903	1.6656965631095437	1.6233015586143995	1.6052406250435676	1.3766266058966394	1.2773882676695041	1.3026069258940425	1.3873876927243221	1.4891002368212467	1.4635868258766227	1.4749648895375735	1.3825747937334898
26.875000000000000	1.8133214787658556	1.8680076997829456	1.8730120714862821	1.9005135868849026	1.9172174439972889	1.8306198704342880	1.7942497481018616	1.8478803215006798	1.8822160211920509	1.8586974069800921	1.7709641946857755	1.6524607790516226	1.6180661033648187	1.5519609970612098	1.3729267883995444	1.5402894332784260	1.6500325061094345	1.6306198644238190	1.4383196313126712	1.3162480439018962	1.3390407936636846	1.2785254247321072	1.3322344365794718	1.4943068876931052	1.4974783560443561	1.3888081479779959	1.4152761448455444	1.4562845354428491
26.625000000000000	1.9296206663647471	1.8473841420326795	1.8708768807426222	1.8842530406959248	1.8578936598847497	1.9014603581431957	2.0261389463748603	1.9185790648485304	1.9905144662831780	1.9966002358044650	1.9345766181137696	1.9287006331525276	1.8412195481519589	1.5269250012282265	1.3959998465408880	1.4556628784362462	1.5152274737031290	1.5202740172827895	1.6288667644694381	1.5076143688660804	1.4589785048600790	1.3834258075870176	1.3889315485548028	1.4670835650813048	1.4774753633586841	1.4688034020554006	1.4167912748085492	1.5205866859409503
26.375000000000000	1.9285117178353899	1.9110528911804321	1.9578137964490185	1.9031406358172864	1.9360201798041450	2.0302424990186472	2.0281712064830066	2.0611761704114504	1.9415029091782143	1.9706462716020736	1.9141106073805103	1.8398355874516779	1.8331159438479590	1.7163193349969963	1.5910493491238589	1.5436676382031671	1.5671499759565120	1.6655088136069185	1.6696046877229127	1.5944176994689478	1.5226496004138030	1.4638059169498363	1.4049417865161418	1.3251616308372760	1.3234430635105836	1.3287597218262708	1.3015257531239668	1.4356489023938732
26.125000000000000	1.9633618373268962	1.9781566719773906	2.0801183965245960	2.0416690630098664	2.0853276458534125	2.0975753237395480	2.0767338372913025	1.8955874384399602	2.0242295903671943	1.9870495435870252	1.8722056605683739	1.8329422194704403	1.7754610786166938	1.6931432538690285	1.6490336433650739	1.6243002244049509	1.5996975237333002	1.7074268026845689	1.7124724209676614	1.6218207658371087	1.4152122162369081	1.3306809415047518	1.4644758397948110	1.4351913907194471	1.3932089082087078	1.2070252116192850	1.2532047298634525	1.4457430877138853
25.875000000000000	1.9556769868920971	1.9732493113745075	2.1048293916514678	2.1458081993528237	2.1361195534336934	2.1109274189471385	2.0213472547125275	1.9683574534010253	1.9223794961948184	1.9001540219188688	1.8086155019174264	1.7872703593991535	1.7743388493512520	1.7198002479017878	1.6254166972882131	1.5548305613286357	1.6635011686557901	1.6620998835254697	1.5096254694522320	1.4616650839572431	1.3671106763805974	1.3736612288904078	1.4267627739703570	1.5349477884074272	1.4509199795470613	1.3369587806798426	1.4330921634674350	1.5696963991309900
25.625000000000000	2.0407554070655496	2.0587598421985165	2.0749370004310075	2.1164762597995121	2.1062941801439874	2.0838587777792976	2.0101784879472051	1.9398896233070302	1.8852393631377680	1.8352590036057530	1.7764882283913914	1.7128090748007501	1.6981904252361295	1.6551046003278200	1.6132362157059870	1.5569971919922914	1.5998620018924743	1.6131502360080301	1.5701596832257976	1.5189468773747212	1.4431187295755863	1.5894727158212210	1.5471177529787008	1.4765491364240493	1.4112545363319398	1.3594050793917780	1.4511038712634581	1.4752822805382515
25.375000000000000	2.0524486314340811	2.1186194296690650	2.1435677625358558	2.0993400612783377	2.0654946322695360	2.0528554515767046	1.9613816583808303	1.8942306610585833	1.8361054474997436	1.8232072202173688	1.8034295671139100	1.7462863438259224	1.6211377505289399	1.6396764460863440	1.5760133873153033	1.5383816958410725	1.5538106014315056	1.6169962771147555	1.6706643412804354	1.7071630043092278	1.7338771469828713	1.6966406416331179	1.6295255318760373	1.4965069633792629	1.3086054881543407	1.4447645078499751	1.4108520673796854	1.5053587305555125
25.125000000000000	2.0359077924098821	2.0388069004631975	2.0703807475098248	2.0513485029637044	1.9545472372130184	1.9526137608574903	1.9339067413402831	1.9225720175099323	1.8082183757117056	1.8266659707963460	1.8245810631323229	1.7642857718162155	1.7128369988685406	1.6097038223599540	1.5891110023014385	1.5651043439995875	1.6360917521537179	1.6432778760839331	1.6605187682234701	1.6498676561473349	1.7269676235777984	1.6937374293332292	1.6881671898087010	1.5622701411295326	1.4472071598454879	1.5523127467743030	1.5909640749210927	1.6816575040555746
24.875000000000000	1.8572936808530511	1.9634819832575565	2.0213225622505160	1.9904645984200804	1.9119030256311889	1.8947313843890770	1.8950169947049040	1.8880467839472548	1.9070215253612393	1.8706288686160704	1.7655473468393537	1.7962585148835328	1.7445007793368603	1.6690845604927131	1.6567992347065117	1.5734077622084930	1.5875883640146540	1.5895712041858905	1.6710818193781432	1.7376462991404980	1.7085923849762079	1.7102055683201254	1.6993343755520032	1.6868429839235970	1.7259504327658655	1.7190995108852720	1.6611073809775168	1.7239617526407951
24.625000000000000	1.7579499127266955	1.8433463402299395	1.8697208063405524	1.8878496803716049	1.9084265823450566	1.8358666317806465	1.8566108514133295	1.8712361547200120	1.8809450401436463	1.8791208569897464	1.8292885322447099	1.7904390169439237	1.8017033861304927	1.7222100394175215	1.7045428536700615	1.7383343981715922	1.6920498549170908	1.6993871554359317	1.6400751099839803	1.7540874266392290	1.7282256246368233	1.6825166563064218	1.6915168775630984	1.6830746695212584	1.6495819973473660	1.6100979318733117	1.5780035235224150	1.6326316622717891
24.375000000000000	1.7185454786794041	1.7574920309931661	1.8324754716767688	1.8274846198245054	1.8977413632856459	1.8457079360284330	1.8318407732589976	1.8466576647970707	1.8707692821130864	1.8587833411082244	1.8337157372796817	1.8228581407322333	1.8254830931947545	1.8130526348270539	1.7851541377588958	1.7460463702362596	1.7788733629674061	1.7273300828209872	1.7497217854298950	1.7049977443985609	1.6649848939961200	1.7107152371861898	1.7638247502907434	1.7749775608169867	1.7628142655254639	1.6272324381176257	1.5108940515248381	1.5937702321176761
24.125000000000000	1.6994902159095548	1.6979978649699019	1.7976759162194926	1.8306143489757414	1.8371403125317731	1.9074355087376238	1.8666710740945052	1.8821531469956319	1.8862552959754104	1.8773595458460455	1.8301926933917267	1.8764213092241320	1.8626877089511700	1.8523172356234332	1.7960165048302723	1.7701555293900015	1.7520628716997340	1.7414205681210566	1.7442505742587939	1.7425249031895442	1.7313777364986758	1.7700152774394449	1.7813697444787882	1.7600940392146895	1.7036153936578877	1.5326070095591131	1.4665659976683245	1.6555903270713743
23.875000000000000	1.6847051571425344	1.7315816613583221	1.7505028275946928	1.8142602907879271	1.8515687631072271	1.8877702994169965	1.9368830189240092	1.8631934411068982	1.8899538520719077	1.9789988269269199	1.9488579003808879	1.9144554292092568	1.9039329620329499	1.8489093424499978	1.8230692659045082	1.7866274153073485	1.7555509098380302	1.7693489677278278	1.7584068820194689	1.7500596835810189	1.7642568251300388	1.7930909503563834	1.7749751631498325	1.7508816271006986	1.6849340748426374	1.6657824405223809	1.7160561330244952	1.7273725732108740
23.625000000000000	1.7518132895228613	1.7616437342456750	1.7406478634526359	1.7735119511586712	1.8354269813279573	1.8837666191341942	1.8904048819129475	1.8566650684015880	1.9298940794612265	2.0073432632544015	1.9957648854914836	1.9118379044263680	1.9179931816337621	1.8928265658929191	1.8456014664083935	1.8104075542366183	1.7682160262892297	1.7696951464334731	1.7947285197522140	1.7640930897787879	1.7760691935862791	1.7491365517400614	1.7568353132167460	1.7495098672171612	1.7145680297904531	1.6927293446427940	1.6663085540517335	1.7777716878867387
23.375000000000000	1.7804203000172161	1.7979950157978037	1.7858772812520138	1.7782695706893226	1.8115723345934331	1.8476159059835142	1.8343903704646016	1.8609127806841574	1.8627336811583641	1.8818714379016650	1.9168266909289053	1.9142935036696747	1.8970749011624368	1.8945803418096021	1.8607608190004052	1.8482130590044450	1.8014670970072502	1.7804487540231049	1.7943825438156378	1.7757876276060149	1.7456177347386972	1.7817108651587337	1.7903674288953144	1.7487906277098730	1.7514185900734702	1.7249720103203272	1.6960437792879159	1.7207744818275539
23.125000000000000	1.8219937708062035	1.8095056192681094	1.7934209904557414	1.7777969805807614	1.8222375247955487	1.8595445411142999	1.8326905656129351	1.8147266547606742	1.8635380906446539	1.8727545829578329	1.8666189411694003	1.9210792653171533	1.9087555164443364	1.8568828459571960	1.8660317282597638	1.8455926427616436	1.8174106097925160	1.7919821835186607	1.7850191206537860	1.7676315621990419	1.7298781524254501	1.7635788205470442	1.7874820299703218	1.7567347264285860	1.7520258038514580	1.6847634757829830	1.6895847162598809	1.7136432133028257
22.875000000000000	1.8112464447712189	1.7584662484431808	1.7713910304560934	1.7797788364356251	1.8136783821785338	1.8252845522563768	1.8162903862147388	1.8683362572738846	1.8417245789623280	1.8509206096306459	1.8312770749969751	1.8048786972433999	1.8254114210745735	1.8379966530153053	1.8408621538591767	1.8302612509482556	1.8671578809133302	1.8313713182317244	1.7899552598058275	1.7659103202299673	1.7297692752652376	1.7577272597361775	1.7724936629044705	1.7320601280317705	1.7241748667573131	1.6676378772893945	1.7063110851954535	1.6903086298641736
22.625000000000000	1.7419352367009910	1.7548715967502935	1.7720407688240043	1.8103795775165152	1.8413817772136332	1.8029080324853748	1.8055064014333231	1.7213256330590161	1.7389116589784570	1.7766380788457088	1.8094872371895057	1.7241032652455746	1.8059500384186618	1.9092228119093684	1.9195678046787372	1.9412606132627024	1.8867976613110939	1.8255114078287724	1.8031832630727660	1.7671244259948748	1.7406052745862128	1.7602672121596123	1.7913578181996253	1.7501739768955973	1.6919243599337916	1.7296617900428350	1.7011163486893908	1.7036769870602753
22.375000000000000	1.7684364818271896	1.7978659579286600	1.7772062354118996	1.8043972547346734	1.7850663022368645	1.8110137788736367	1.7874470590553693	1.7412411775879868	1.7573664876518886	1.8001648032550850	1.8055928458169215	1.8623443578687802	1.8317388452531960	1.9112278156581668	1.9041514090302845	1.9065933807166879	1.8386925182220013	1.7951001784947824	1.8344756363450838	1.7674569382963941	1.7419261644453603	1.7752067007026300	1.7817213617497332	1.7612216183186276	1.7036550838884639	1.7298268660478580	1.7221562537025377	1.7139997463383108
22.125000000000000	1.7760032778939474	1.7807474970196144	1.7829928478737069	1.7796616157683263	1.7467080969008713	1.7417354333856767	1.7464977512917903	1.7254027393462341	1.7410532966303747	1.7390339385350355	1.7628954146321683	1.7773272503840496	1.7786756739271632	1.8401933810931750	1.8453990143576631	1.7669145107144231	1.7664248565798364	-999.00000000000000	-999.00000000000000	1.7727309022206104	1.7283328617743279	1.7620968395517780	1.7804105515871780	1.7653128763770105	1.6937199965745278	1.6768600325562630	1.7291192976391350	1.7060220244801119
21.875000000000000	1.7983504765374934	1.7889197265640415	1.7225846864791374	1.7365843813658375	1.7103251536989856	1.7178841673984127	1.7398570574325067	1.7732887788232456	1.6929704631761546	1.7325803148960850	1.7670445069405096	1.7899110369910265	1.8543602132879389	1.8491611313986414	1.7461890439973162	-999.00000000000000	-999.00000000000000	-999.00000000000000	-999.00000000000000	1.7219938765979417	1.7333133287424871	1.7705410678698479	1.7486374818142676	1.7491504222942791	1.6706092849880207	1.6591780486639218	1.7095680852800943	1.7657399726143195
21.625000000000000	1.8922617054854947	1.8245600258183983	1.8050597501797345	-999.00000000000000	1.7753474756305769	1.7517542798963948	1.8027399650552980	1.7425260591562641	1.7232423370050194	-999.00000000000000	-999.00000000000000	-999.00000000000000	-999.00000000000000	-999.00000000000000	-999.00000000000000	-999.00000000000000	-999.00000000000000	-999.00000000000000	-999.00000000000000	1.7179647795576460	1.7831162926742652	1.7470379581386615	1.7269984410942345	1.6959786220059221	1.6845105321993172	1.6389307435635558	1.6917363807523691	1.7222747619552119
21.375000000000000	-999.00000000000000	-999.00000000000000	-999.00000000000000	-999.00000000000000	-999.00000000000000	-999.00000000000000	-999.00000000000000	-999.00000000000000	-999.00000000000000	-999.00000000000000	-999.00000000000000	-999.00000000000000	-999.00000000000000	-999.00000000000000	-999.00000000000000	-999.00000000000000	-999.00000000000000	-999.00000000000000	-999.00000000000000	-999.00000000000000	1.6768494027511418	1.6708161620277138	1.7408669102184069	1.7039682551992503	1.7067875768900171	1.6990423052844101	1.7061613151365540	1.7193626802266275
21.125000000000000	-999.00000000000000	-999.00000000000000	-999.00000000000000	-999.00000000000000	-999.00000000000000	-999.00000000000000	-999.00000000000000	-999.00000000000000	-999.00000000000000	-999.00000000000000	-999.00000000000000	-999.00000000000000	-999.00000000000000	-999.00000000000000	-999.00000000000000	-999.00000000000000	-999.00000000000000	-999.00000000000000	-999.00000000000000	-999.00000000000000	1.6905292894038659	1.7993865544723129	1.7847470134458472	1.7573598651261670	1.7592608800910594	1.7404118654214433	1.7568427231608144	1.7166841918049782
20.875000000000000	-999.00000000000000	-999.00000000000000	-999.00000000000000	-999.00000000000000	-999.00000000000000	-999.00000000000000	-999.00000000000000	-999.00000000000000	-999.00000000000000	-999.00000000000000	-999.00000000000000	-999.00000000000000	-999.00000000000000	-999.00000000000000	-999.00000000000000	-999.00000000000000	-999.00000000000000	-999.00000000000000	-999.00000000000000	-999.00000000000000	-999.00000000000000	1.7251310741117289	1.7268516145203918	1.7597034248050991	1.7498701468288314	1.8265402181177508	1.7928290639376314	1.7889769700582046
20.625000000000000	-999.00000000000000	-999.00000000000000	-999.00000000000000	-999.00000000000000	-999.00000000000000	-999.00000000000000	-999.00000000000000	-999.00000000000000	-999.00000000000000	-999.00000000000000	-999.00000000000000	-999.00000000000000	-999.00000000000000	-999.00000000000000	-999.00000000000000	-999.00000000000000	-999.00000000000000	-999.00000000000000	-999.00000000000000	-999.00000000000000	-999.00000000000000	1.7437778358147094	1.7426867645094726	1.7642669572515646	1.8154284627641357	1.8204889093296326	1.8432293444790693	1.8362245308458403
20.375000000000000	-999.00000000000000	-999.00000000000000	-999.00000000000000	-999.00000000000000	-999.00000000000000	-999.00000000000000	-999.00000000000000	-999.00000000000000	-999.00000000000000	-999.00000000000000	-999.00000000000000	-999.00000000000000	-999.00000000000000	-999.00000000000000	-999.00000000000000	-999.00000000000000	-999.00000000000000	-999.00000000000000	-999.00000000000000	-999.00000000000000	-999.00000000000000	-999.00000000000000	1.7755392292797820	1.8715589242815356	1.8896551063463061	1.9117371236595389	1.8960043021676882	1.8183480141718833
20.125000000000000	-999.00000000000000	-999.00000000000000	-999.00000000000000	-999.00000000000000	-999.00000000000000	-999.00000000000000	-999.00000000000000	-999.00000000000000	-999.00000000000000	-999.00000000000000	-999.00000000000000	-999.00000000000000	-999.00000000000000	-999.00000000000000	-999.00000000000000	-999.00000000000000	-999.00000000000000	-999.00000000000000	-999.00000000000000	-999.00000000000000	-999.00000000000000	-999.00000000000000	-999.00000000000000	1.8655702727436210	1.8854250152224510	1.9049538654871607	1.8816050579522612	1.8845315695021332
