xmlns:cpt=http://iri.columbia.edu/CPT/v10/
cpt:field=prcp, cpt:T=2019-06/09, cpt:nrow=32, cpt:ncol=28, cpt:row=Y, cpt:col=X, cpt:units=mm/day, cpt:missing=-999.00000000000000              
	87.1	87.4	87.6	87.9	88.1	88.4	88.6	88.9	89.1	89.4	89.6	89.9	90.1	90.4	90.6	90.9	91.1	91.4	91.6	91.9	92.1	92.4	92.6	92.9	93.1	93.4	93.6	93.9
27.9	1041.6	910.3	891.4	945.7	1026.0	826.6	688.4	528.1	389.5	420.5	349.5	303.2	234.0	144.2	109.9	137.6	206.0	197.6	135.2	103.3	141.0	213.0	282.6	422.1	610.1	829.7	981.2	1065.7
27.6	1389.2	1329.2	1185.4	1114.1	1117.6	921.4	704.8	438.4	395.3	456.7	432.4	448.9	311.9	212.6	183.8	233.9	277.8	265.5	274.0	229.5	224.4	306.3	408.0	611.1	771.8	716.8	957.8	1124.4
27.4	1267.6	1241.9	1323.4	1226.1	1145.3	1112.9	937.4	626.0	628.0	588.5	551.5	500.5	441.4	337.4	333.6	277.8	355.6	351.6	379.9	264.0	269.8	371.5	549.0	801.1	853.7	805.0	1055.6	1449.7
27.1	893.1	919.1	1102.0	1291.2	1414.0	1567.3	1496.5	1316.4	1168.6	984.4	880.2	847.9	854.6	770.1	713.0	651.4	670.8	639.9	508.5	451.1	496.9	632.2	921.0	1089.7	1069.0	1060.5	1247.5	1562.3
26.9	1238.3	1023.4	1321.6	1352.0	1670.0	1876.0	1906.1	1934.4	1925.6	1825.7	1604.6	1655.1	1581.5	1594.7	1480.4	1306.8	1181.7	1033.9	968.3	978.8	1051.2	1192.3	1250.6	1291.2	1298.1	1285.8	1250.4	1354.6
26.6	1379.1	1303.7	1592.5	1595.9	1756.0	2048.3	2151.5	2183.6	2205.3	2258.7	2245.1	2347.7	2194.3	2111.5	1903.5	1723.4	1459.9	1338.6	1168.3	1061.3	1107.1	1131.4	1146.8	1131.7	1160.5	1185.7	1216.1	1335.3
26.4	1292.8	1353.3	1395.1	1527.2	1691.9	1892.1	2135.6	2116.1	2190.7	2334.1	2298.1	2268.0	2213.5	2089.3	1826.4	1539.3	1302.0	1131.7	1067.7	1054.4	1058.4	1050.7	1046.1	1085.2	1168.9	1174.0	1216.2	1376.6
26.1	1206.2	1259.3	1406.9	1564.5	1611.6	1737.1	1837.6	1855.7	2045.4	2183.8	2218.9	2120.2	2110.2	2010.2	1786.2	1624.6	1370.9	1156.9	1039.8	1174.8	1197.6	1175.1	1213.4	1162.2	1150.2	1120.5	1226.0	1429.5
25.9	1124.8	1209.8	1279.4	1345.1	1443.3	1491.9	1532.9	1609.3	1775.3	1891.6	1972.0	1907.4	1957.0	2015.8	1948.4	1836.5	1787.9	1654.5	1528.0	1473.9	1422.3	1393.5	1298.3	1164.4	967.0	1052.9	1249.3	1358.5
25.6	1096.1	1159.2	1228.4	1246.5	1304.5	1283.6	1276.4	1421.7	1501.5	1609.6	1726.3	1921.7	2219.4	2223.3	2123.0	2195.6	2176.9	2145.2	2031.8	1582.9	1529.7	1453.5	1325.3	1178.9	929.2	994.5	1105.3	1125.2
25.4	1018.4	1085.4	1092.7	1166.6	1206.3	1203.0	1248.7	1315.1	1402.8	1395.4	1539.3	1758.5	2130.9	2197.8	2115.5	2307.0	2604.0	2629.2	2482.8	2032.8	2022.7	1756.9	1532.9	1341.7	1131.5	995.3	891.9	818.4
25.1	929.2	1082.3	1115.6	1169.4	1100.0	1143.3	1187.8	1267.8	1295.9	1364.7	1432.6	1591.3	1712.8	1886.9	1985.2	2309.4	2554.9	2804.2	2971.1	2924.3	2492.3	2117.1	1684.9	1400.8	1186.5	1062.3	858.9	744.1
24.9	1102.5	1130.9	1191.3	1152.9	1101.3	1121.4	1130.1	1197.2	1245.3	1305.3	1378.1	1481.7	1545.7	1702.5	1852.9	2003.7	2125.3	2419.0	2806.6	2941.2	2349.1	1976.2	1719.1	1680.3	1428.1	1129.4	885.8	761.5
24.6	1194.0	1226.8	1198.7	1174.4	1184.8	1191.5	1138.2	1184.5	1247.6	1257.4	1286.6	1407.1	1497.9	1617.1	1692.5	1771.8	1838.1	1939.9	2075.4	2233.5	1970.7	1817.2	1720.4	1629.1	1420.1	1145.0	879.0	772.5
24.4	1131.1	1165.7	1159.5	1142.3	1148.9	1156.1	1123.9	1176.4	1250.6	1243.3	1230.8	1301.9	1410.1	1471.0	1448.7	1490.6	1581.5	1649.5	1611.7	1674.5	1763.1	1884.8	1808.0	1659.1	1363.7	1147.3	911.2	882.3
24.1	1098.0	1141.9	1143.1	1121.3	1145.3	1129.9	1149.4	1188.7	1199.3	1240.5	1404.5	1364.0	1249.4	1332.0	1361.6	1303.9	1395.8	1604.6	1655.3	1742.8	1874.4	1956.6	1811.7	1615.8	1348.8	1114.9	938.2	1016.2
23.9	1164.1	1214.1	1156.8	1154.3	1129.3	1146.9	1203.7	1233.5	1281.6	1268.8	1383.7	1427.3	1407.7	1419.1	1431.2	1300.7	1356.4	1579.1	1758.9	1898.6	1989.8	1983.2	1734.0	1506.8	1244.6	1072.8	1053.3	1129.0
23.6	1285.5	1268.6	1161.2	1132.1	1149.1	1176.2	1254.0	1345.3	1404.5	1432.0	1460.3	1464.7	1418.4	1436.7	1445.6	1425.0	1463.3	1638.2	1809.9	1882.7	1974.3	1831.5	1558.7	1342.6	1109.4	967.0	1055.6	1194.9
23.4	1280.8	1345.4	1213.5	1194.1	1208.9	1224.2	1288.1	1376.7	1433.4	1447.9	1463.5	1492.8	1416.2	1404.6	1489.0	1442.2	1438.5	1655.5	1833.5	1966.4	2028.3	1910.4	1710.8	1453.7	1132.8	1011.3	1124.2	1236.9
23.1	1259.4	1309.9	1289.0	1232.6	1278.0	1296.1	1391.1	1415.0	1433.1	1437.9	1465.9	1426.2	1393.1	1458.9	1622.4	1704.6	1786.5	1860.4	1995.0	2064.8	2017.5	2006.0	1898.9	1593.4	1269.7	1145.9	1180.9	1251.4
22.9	1333.4	1328.5	1330.2	1339.4	1358.6	1449.1	1445.1	1443.1	1439.8	1451.8	1464.0	1500.3	1435.5	1576.2	1705.7	2125.7	2357.1	2245.7	2141.3	2062.3	2023.8	1934.0	1927.1	1640.7	1324.7	1199.1	1123.2	1307.0
22.6	1380.8	1383.7	1402.0	1398.7	1459.3	1511.1	1454.9	1436.4	1509.9	1528.5	1449.0	1508.6	1588.1	1693.3	1907.3	2302.7	2549.1	2417.3	2254.6	2211.8	2055.7	1942.4	1923.7	1638.0	1260.7	1319.8	1525.0	1416.5
22.4	1404.6	1423.6	1422.8	1437.9	1503.0	1505.6	1471.3	1513.4	1558.9	1560.1	1539.6	1517.5	1632.6	1919.7	2161.8	2397.4	2382.4	2348.3	2330.2	2124.4	2104.3	2012.1	1966.9	1587.8	1194.6	1306.6	1544.5	1332.3
22.1	1410.6	1403.3	1455.2	1490.8	1462.7	1454.8	1530.8	1540.4	1557.8	1593.7	1601.4	1569.5	1804.6	2102.6	2315.3	2479.4	2483.8	-999.0	-999.0	2173.8	2122.5	2012.2	1925.3	1676.5	1313.8	1371.5	1517.6	1315.6
21.9	1429.8	1389.3	1471.2	1522.7	1505.5	1523.2	1529.7	1513.3	1567.4	1574.3	1550.7	1571.0	2581.8	2624.8	2357.0	-999.0	-999.0	-999.0	-999.0	2295.6	2245.8	2191.7	2005.6	1817.8	1611.0	1563.5	1601.6	1411.0
21.6	1380.1	1404.3	1475.6	-999.0	1468.3	1475.1	1444.9	1462.6	1507.7	-999.0	-999.0	-999.0	-999.0	-999.0	-999.0	-999.0	-999.0	-999.0	-999.0	2646.3	2529.1	2438.3	2352.7	2146.8	1752.7	1653.5	1666.7	1529.2
21.4	-999.0	-999.0	-999.0	-999.0	-999.0	-999.0	-999.0	-999.0	-999.0	-999.0	-999.0	-999.0	-999.0	-999.0	-999.0	-999.0	-999.0	-999.0	-999.0	-999.0	2946.6	2832.4	2665.4	2435.4	1989.5	1870.0	1718.0	1651.2
21.1	-999.0	-999.0	-999.0	-999.0	-999.0	-999.0	-999.0	-999.0	-999.0	-999.0	-999.0	-999.0	-999.0	-999.0	-999.0	-999.0	-999.0	-999.0	-999.0	-999.0	3085.9	2976.8	2923.1	2680.2	2362.1	2090.0	1899.6	1788.9
20.9	-999.0	-999.0	-999.0	-999.0	-999.0	-999.0	-999.0	-999.0	-999.0	-999.0	-999.0	-999.0	-999.0	-999.0	-999.0	-999.0	-999.0	-999.0	-999.0	-999.0	-999.0	3143.3	2996.3	2761.5	2514.7	2333.1	1975.9	1675.4
20.6	-999.0	-999.0	-999.0	-999.0	-999.0	-999.0	-999.0	-999.0	-999.0	-999.0	-999.0	-999.0	-999.0	-999.0	-999.0	-999.0	-999.0	-999.0	-999.0	-999.0	-999.0	3362.3	3145.4	3028.8	2750.8	2448.5	2216.2	1861.6
20.4	-999.0	-999.0	-999.0	-999.0	-999.0	-999.0	-999.0	-999.0	-999.0	-999.0	-999.0	-999.0	-999.0	-999.0	-999.0	-999.0	-999.0	-999.0	-999.0	-999.0	-999.0	-999.0	3192.6	3139.4	3058.6	2913.7	2638.5	2247.6
20.1	-999.0	-999.0	-999.0	-999.0	-999.0	-999.0	-999.0	-999.0	-999.0	-999.0	-999.0	-999.0	-999.0	-999.0	-999.0	-999.0	-999.0	-999.0	-999.0	-999.0	-999.0	-999.0	-999.0	3322.7	3297.7	3278.2	3083.4	2704.4
